2.331346273422241211e+00 1.386772613525390625e+02
9.901850700378417969e+00 1.127483901977539062e+02
4.745943069458007812e+00 1.321804809570312500e+02
2.000000000000000000e+00 1.395148773193359375e+02
6.048666477203369141e+00 1.278299484252929688e+02
6.709181785583496094e+00 1.252987670898437500e+02
3.932509899139404297e+00 1.346124267578125000e+02
1.009305286407470703e+01 1.119306716918945312e+02
6.045634746551513672e+00 1.277746047973632812e+02
1.149956893920898438e+01 1.062243194580078125e+02
4.244738101959228516e+00 1.336242675781250000e+02
2.219383001327514648e+00 1.387235870361328125e+02
1.397156906127929688e+01 9.660136413574218750e+01
1.280119895935058594e+01 1.011233215332031250e+02
1.414149951934814453e+01 9.589701080322265625e+01
7.812488555908203125e+00 1.211356658935546875e+02
2.286930799484252930e+00 1.385354461669921875e+02
8.125852584838867188e+00 1.199181976318359375e+02
1.418392181396484375e+01 9.564451599121093750e+01
2.000000000000000000e+01 7.271472167968750000e+01
6.149317264556884766e+00 1.274792327880859375e+02
7.156973361968994141e+00 1.236983261108398438e+02
8.572575569152832031e+00 1.180695190429687500e+02
1.283328819274902344e+01 1.008881530761718750e+02
1.626693534851074219e+01 8.780587768554687500e+01
1.079899978637695312e+01 1.090496368408203125e+02
1.065546226501464844e+01 1.096475982666015625e+02
1.813960456848144531e+01 8.054344177246093750e+01
1.421116924285888672e+01 9.552650451660156250e+01
1.545713329315185547e+01 9.085406494140625000e+01
1.364684963226318359e+01 9.779109191894531250e+01
5.195642471313476562e+00 1.307148132324218750e+02
7.937444210052490234e+00 1.206649627685546875e+02
9.721764564514160156e+00 1.134870605468750000e+02
4.344576835632324219e+00 1.333663940429687500e+02
1.432467746734619141e+01 9.524094390869140625e+01
1.486786651611328125e+01 9.309303283691406250e+01
1.191766738891601562e+01 1.045088653564453125e+02
8.665016174316406250e+00 1.177522964477539062e+02
1.087235641479492188e+01 1.089416809082031250e+02
1.155112743377685547e+01 1.060007781982421875e+02
1.329836273193359375e+01 9.912376403808593750e+01
3.292849302291870117e+00 1.362467041015625000e+02
1.279885482788085938e+01 1.011062774658203125e+02
5.386104583740234375e+00 1.300724487304687500e+02
9.643301010131835938e+00 1.137911605834960938e+02
8.980739593505859375e+00 1.162529373168945312e+02
5.444945335388183594e+00 1.298732452392578125e+02
1.259718227386474609e+01 1.018962631225585938e+02
7.474401950836181641e+00 1.223764343261718750e+02
5.012537956237792969e+00 1.313403015136718750e+02
9.787508010864257812e+00 1.132111358642578125e+02
7.080040454864501953e+00 1.240109252929687500e+02
1.875010490417480469e+01 7.803774261474609375e+01
1.875127410888671875e+01 7.805395507812500000e+01
3.123414754867553711e+00 1.365873413085937500e+02
6.114331722259521484e+00 1.275512924194335938e+02
3.845634460449218750e+00 1.347864990234375000e+02
1.493530654907226562e+01 9.285029602050781250e+01
1.656767845153808594e+01 8.675473022460937500e+01
9.386060714721679688e+00 1.148451538085937500e+02
4.827984333038330078e+00 1.316989135742187500e+02
9.035064697265625000e+00 1.160916976928710938e+02
1.410080623626708984e+01 9.606858825683593750e+01
2.000000000000000000e+00 1.395449523925781250e+02
4.214547157287597656e+00 1.337846069335937500e+02
1.150408554077148438e+01 1.062201232910156250e+02
5.155929565429687500e+00 1.308571472167968750e+02
5.139813423156738281e+00 1.307867126464843750e+02
1.322042655944824219e+01 9.949848937988281250e+01
1.723122024536132812e+01 8.412413024902343750e+01
6.245387077331542969e+00 1.270666656494140625e+02
3.253394126892089844e+00 1.364066162109375000e+02
2.000000000000000000e+00 1.395536804199218750e+02
8.067646026611328125e+00 1.201481018066406250e+02
9.585891723632812500e+00 1.140106887817382812e+02
1.502797126770019531e+01 9.256336975097656250e+01
9.628664016723632812e+00 1.138816833496093750e+02
7.806896209716796875e+00 1.211466293334960938e+02
1.051371097564697266e+01 1.102213058471679688e+02
6.472186088562011719e+00 1.263007736206054688e+02
1.675055694580078125e+01 8.598628234863281250e+01
5.784515380859375000e+00 1.287251892089843750e+02
1.789585113525390625e+01 8.148379516601562500e+01
8.154589653015136719e+00 1.197527999877929688e+02
1.834076690673828125e+01 7.961714172363281250e+01
1.716566658020019531e+01 8.436111450195312500e+01
5.660828590393066406e+00 1.291352844238281250e+02
7.032851219177246094e+00 1.240572738647460938e+02
1.397864818572998047e+01 9.657546234130859375e+01
1.507842826843261719e+01 9.224729919433593750e+01
1.269383335113525391e+01 1.014881744384765625e+02
1.638967895507812500e+01 8.737791442871093750e+01
1.509670543670654297e+01 9.242884063720703125e+01
6.512891292572021484e+00 1.261579208374023438e+02
1.880074501037597656e+01 7.787493896484375000e+01
1.430899047851562500e+01 9.528038024902343750e+01
1.115003490447998047e+01 1.076645202636718750e+02
5.414575576782226562e+00 1.300073242187500000e+02
1.335149383544921875e+01 9.892620849609375000e+01
1.726648521423339844e+01 8.432616424560546875e+01
5.924992561340332031e+00 1.280937805175781250e+02
2.000000000000000000e+00 1.396324768066406250e+02
8.747926712036132812e+00 1.174026489257812500e+02
1.050979232788085938e+01 1.101591796875000000e+02
2.838012218475341797e+00 1.373824615478515625e+02
1.119555377960205078e+01 1.074707946777343750e+02
4.195146560668945312e+00 1.337608337402343750e+02
3.892484664916992188e+00 1.346038208007812500e+02
1.397926616668701172e+01 9.647404479980468750e+01
8.248495101928710938e+00 1.193832931518554688e+02
4.437087059020996094e+00 1.331282653808593750e+02
1.467371463775634766e+01 9.377906799316406250e+01
2.932722568511962891e+00 1.372030639648437500e+02
7.775979518890380859e+00 1.212105712890625000e+02
1.322421646118164062e+01 9.942984771728515625e+01
1.373045635223388672e+01 9.752627563476562500e+01
2.715330839157104492e+00 1.378182830810546875e+02
9.444020271301269531e+00 1.145937042236328125e+02
1.415318870544433594e+01 9.583120727539062500e+01
2.000000000000000000e+01 7.045933532714843750e+01
1.013161849975585938e+01 1.118217544555664062e+02
9.354399681091308594e+00 1.149529113769531250e+02
8.428684234619140625e+00 1.186166076660156250e+02
1.018840980529785156e+01 1.115538940429687500e+02
2.000000000000000000e+00 1.396094665527343750e+02
3.675347805023193359e+00 1.352198181152343750e+02
1.067006397247314453e+01 1.095934295654296875e+02
1.399797916412353516e+01 9.646101379394531250e+01
3.308491706848144531e+00 1.362527465820312500e+02
1.565285491943359375e+01 8.996821594238281250e+01
3.346845865249633789e+00 1.361154632568359375e+02
9.499315261840820312e+00 1.143866271972656250e+02
7.460322380065917969e+00 1.224427642822265625e+02
5.721013545989990234e+00 1.289702148437500000e+02
1.237996292114257812e+01 1.027414855957031250e+02
1.771518707275390625e+01 8.175006103515625000e+01
1.739075851440429688e+01 8.344096374511718750e+01
1.610466957092285156e+01 8.802130889892578125e+01
7.116484642028808594e+00 1.238740463256835938e+02
9.102564811706542969e+00 1.159526138305664062e+02
1.156586074829101562e+01 1.059870223999023438e+02
9.300895690917968750e+00 1.150909881591796875e+02
1.142547321319580078e+01 1.065296325683593750e+02
3.850931167602539062e+00 1.348225708007812500e+02
1.915197181701660156e+01 7.619343566894531250e+01
2.000000000000000000e+00 1.395375366210937500e+02
8.331497192382812500e+00 1.191013183593750000e+02
1.043147850036621094e+01 1.105071334838867188e+02
1.229480934143066406e+01 1.030105285644531250e+02
7.371513366699218750e+00 1.228684310913085938e+02
9.012979507446289062e+00 1.162624511718750000e+02
1.449800968170166016e+01 9.454176330566406250e+01
8.976542472839355469e+00 1.164332122802734375e+02
1.363697242736816406e+01 9.781359100341796875e+01
9.603234291076660156e+00 1.139357604980468750e+02
5.515069484710693359e+00 1.296929626464843750e+02
1.651463127136230469e+01 8.681941223144531250e+01
1.516612720489501953e+01 9.196879577636718750e+01
1.595701789855957031e+01 8.902519989013671875e+01
4.161593914031982422e+00 1.339106903076171875e+02
1.537588214874267578e+01 9.114058685302734375e+01
7.675760269165039062e+00 1.217287368774414062e+02
1.707659912109375000e+01 8.469625091552734375e+01
1.404918289184570312e+01 9.622212982177734375e+01
4.309402465820312500e+00 1.334358825683593750e+02
4.766291618347167969e+00 1.321026763916015625e+02
9.717445373535156250e+00 1.134387741088867188e+02
6.882149696350097656e+00 1.247363128662109375e+02
7.078073501586914062e+00 1.242214279174804688e+02
4.930871486663818359e+00 1.315743560791015625e+02
1.018772888183593750e+01 1.115721282958984375e+02
6.194490432739257812e+00 1.273233108520507812e+02
1.099264621734619141e+01 1.083248291015625000e+02
1.458843517303466797e+01 9.416297912597656250e+01
1.569384288787841797e+01 8.983421325683593750e+01
9.974500656127929688e+00 1.124464645385742188e+02
6.687127590179443359e+00 1.255071487426757812e+02
1.435469627380371094e+01 9.509352874755859375e+01
2.000000000000000000e+00 1.395814208984375000e+02
9.452795028686523438e+00 1.145313568115234375e+02
3.749680042266845703e+00 1.351073913574218750e+02
5.984261512756347656e+00 1.280570373535156250e+02
8.473312377929687500e+00 1.185398406982421875e+02
7.832441329956054688e+00 1.209098739624023438e+02
3.304198026657104492e+00 1.362825927734375000e+02
2.000000000000000000e+00 1.396203002929687500e+02
3.100712776184082031e+00 1.365324096679687500e+02
9.395122528076171875e+00 1.147766647338867188e+02
9.048351287841796875e+00 1.162220916748046875e+02
1.142555522918701172e+01 1.065603942871093750e+02
1.197820854187011719e+01 1.043428649902343750e+02
7.268930435180664062e+00 1.232368927001953125e+02
1.736225891113281250e+01 8.338440704345703125e+01
6.614128112792968750e+00 1.257780838012695312e+02
6.405259609222412109e+00 1.264435043334960938e+02
1.587818527221679688e+01 8.927761840820312500e+01
1.436148738861083984e+01 9.497487640380859375e+01
8.575977325439453125e+00 1.180645141601562500e+02
6.601944923400878906e+00 1.257792663574218750e+02
4.421585083007812500e+00 1.331621093750000000e+02
8.249969482421875000e+00 1.193870391845703125e+02
1.059766769409179688e+01 1.099055404663085938e+02
7.183034896850585938e+00 1.235391235351562500e+02
2.000000000000000000e+00 1.395677795410156250e+02
1.250756549835205078e+01 1.022561492919921875e+02
1.129681968688964844e+01 1.070562591552734375e+02
8.850773811340332031e+00 1.170529327392578125e+02
5.593097209930419922e+00 1.291701202392578125e+02
1.691033172607421875e+01 8.521179962158203125e+01
1.498196697235107422e+01 9.268978881835937500e+01
1.352392578125000000e+01 9.828518676757812500e+01
1.081865119934082031e+01 1.089531402587890625e+02
6.808829307556152344e+00 1.249130477905273438e+02
1.786282348632812500e+01 8.146533966064453125e+01
6.729207515716552734e+00 1.253248519897460938e+02
7.765184402465820312e+00 1.213134231567382812e+02
1.886753654479980469e+01 7.738496398925781250e+01
1.381634807586669922e+01 9.708348083496093750e+01
6.479592800140380859e+00 1.262161941528320312e+02
1.254463768005371094e+01 1.021023101806640625e+02
9.722238540649414062e+00 1.134635162353515625e+02
1.134819602966308594e+01 1.068772277832031250e+02
5.769647598266601562e+00 1.287684783935546875e+02
5.374502658843994141e+00 1.300665588378906250e+02
1.212291526794433594e+01 1.037151031494140625e+02
1.690071868896484375e+01 8.538475036621093750e+01
7.558172702789306641e+00 1.220993041992187500e+02
7.419912815093994141e+00 1.226483688354492188e+02
6.786739826202392578e+00 1.250869445800781250e+02
6.056972503662109375e+00 1.280156860351562500e+02
1.023162174224853516e+01 1.113594207763671875e+02
1.043099403381347656e+01 1.105719757080078125e+02
5.903701782226562500e+00 1.283164978027343750e+02
6.990661621093750000e+00 1.243051300048828125e+02
1.104123592376708984e+01 1.081105041503906250e+02
1.659382629394531250e+01 8.659697723388671875e+01
7.900393486022949219e+00 1.206028823852539062e+02
6.984776496887207031e+00 1.243617935180664062e+02
1.041266059875488281e+01 1.106204986572265625e+02
1.591154956817626953e+01 8.914011383056640625e+01
1.146358203887939453e+01 1.063726348876953125e+02
1.543039131164550781e+01 9.094889831542968750e+01
1.140268516540527344e+01 1.066177597045898438e+02
9.400053977966308594e+00 1.147440795898437500e+02
9.453081130981445312e+00 1.145654907226562500e+02
1.029846286773681641e+01 1.110818634033203125e+02
8.337884902954101562e+00 1.190296936035156250e+02
6.526987075805664062e+00 1.258762588500976562e+02
7.149670600891113281e+00 1.237598114013671875e+02
1.205518531799316406e+01 1.040039596557617188e+02
6.059138298034667969e+00 1.277739181518554688e+02
1.134547138214111328e+01 1.068621826171875000e+02
5.982008934020996094e+00 1.280458831787109375e+02
8.192742347717285156e+00 1.195641784667968750e+02
1.787097549438476562e+01 8.162481689453125000e+01
7.928777694702148438e+00 1.206643295288085938e+02
7.109768867492675781e+00 1.238981018066406250e+02
6.532616138458251953e+00 1.259641418457031250e+02
1.093189907073974609e+01 1.085417251586914062e+02
1.999803924560546875e+01 7.060057067871093750e+01
8.245945930480957031e+00 1.194048614501953125e+02
1.410308074951171875e+01 9.605636596679687500e+01
8.964185714721679688e+00 1.165682144165039062e+02
6.447614192962646484e+00 1.263811950683593750e+02
1.386174869537353516e+01 9.695188903808593750e+01
6.941457271575927734e+00 1.245566101074218750e+02
3.545480012893676758e+00 1.356315917968750000e+02
8.206844329833984375e+00 1.194568634033203125e+02
1.124493980407714844e+01 1.072874069213867188e+02
9.877627372741699219e+00 1.128198928833007812e+02
7.010328769683837891e+00 1.242324295043945312e+02
1.302453804016113281e+01 1.002207946777343750e+02
7.893183231353759766e+00 1.208763275146484375e+02
1.348147487640380859e+01 9.848962402343750000e+01
5.734501838684082031e+00 1.289021759033203125e+02
1.460065269470214844e+01 9.413674926757812500e+01
1.175843143463134766e+01 1.052174835205078125e+02
1.579655933380126953e+01 8.962928009033203125e+01
1.366805076599121094e+01 9.770155334472656250e+01
8.002645492553710938e+00 1.204418487548828125e+02
1.234305858612060547e+01 1.028906250000000000e+02
1.094563388824462891e+01 1.084513244628906250e+02
7.091074943542480469e+00 1.239339675903320312e+02
3.087722301483154297e+00 1.368479309082031250e+02
1.508309555053710938e+01 9.227301788330078125e+01
4.273602008819580078e+00 1.335413208007812500e+02
4.982675552368164062e+00 1.313647766113281250e+02
1.133225917816162109e+01 1.069188766479492188e+02
1.202472496032714844e+01 1.041785812377929688e+02
8.370355606079101562e+00 1.189529647827148438e+02
2.417239189147949219e+00 1.382568969726562500e+02
1.548157405853271484e+01 9.080494689941406250e+01
1.001435852050781250e+01 1.122580718994140625e+02
1.639542388916015625e+01 8.727687835693359375e+01
4.175722122192382812e+00 1.339011535644531250e+02
1.361678600311279297e+01 9.792779541015625000e+01
1.721508026123046875e+01 8.380499267578125000e+01
3.186625480651855469e+00 1.364571228027343750e+02
1.408764934539794922e+01 9.612068176269531250e+01
5.080775260925292969e+00 1.310689392089843750e+02
8.362623214721679688e+00 1.189971389770507812e+02
4.985457897186279297e+00 1.313485717773437500e+02
9.477032661437988281e+00 1.144627151489257812e+02
5.148305892944335938e+00 1.309049377441406250e+02
6.060715675354003906e+00 1.276364212036132812e+02
3.958830356597900391e+00 1.345301818847656250e+02
1.001132011413574219e+01 1.122948684692382812e+02
8.848028182983398438e+00 1.170421218872070312e+02
1.019577884674072266e+01 1.114959869384765625e+02
1.337925434112548828e+01 9.877133941650390625e+01
1.000446605682373047e+01 1.122881088256835938e+02
1.417150688171386719e+01 9.580102539062500000e+01
5.317296028137207031e+00 1.303180847167968750e+02
1.454284858703613281e+01 9.426214599609375000e+01
9.049069404602050781e+00 1.162493591308593750e+02
1.625555992126464844e+01 8.783886718750000000e+01
6.534516334533691406e+00 1.259027938842773438e+02
1.671786499023437500e+01 8.661779785156250000e+01
9.512283325195312500e+00 1.142900314331054688e+02
1.242012023925781250e+01 1.026121139526367188e+02
2.803481101989746094e+00 1.374996490478515625e+02
2.000000000000000000e+00 1.395623474121093750e+02
1.562069416046142578e+01 9.020853424072265625e+01
2.000000000000000000e+00 1.395651855468750000e+02
1.398635101318359375e+01 9.650434112548828125e+01
1.147345066070556641e+01 1.063285675048828125e+02
2.030324459075927734e+00 1.391297912597656250e+02
1.093821430206298828e+01 1.084920654296875000e+02
1.025837230682373047e+01 1.112937469482421875e+02
1.245978069305419922e+01 1.024385528564453125e+02
1.855249404907226562e+01 7.894349670410156250e+01
4.202172756195068359e+00 1.338440551757812500e+02
8.945726394653320312e+00 1.166063537597656250e+02
1.246963500976562500e+01 1.023659973144531250e+02
1.331063747406005859e+01 9.908894348144531250e+01
2.303994178771972656e+00 1.390421295166015625e+02
1.499204254150390625e+01 9.263353729248046875e+01
2.000000000000000000e+01 7.381546020507812500e+01
1.140341472625732422e+01 1.066028289794921875e+02
2.705406904220581055e+00 1.376766052246093750e+02
8.719214439392089844e+00 1.175372314453125000e+02
1.340406513214111328e+01 9.874157714843750000e+01
5.930018424987792969e+00 1.282180480957031250e+02
1.735335159301757812e+01 8.358654785156250000e+01
1.498724079132080078e+01 9.269126892089843750e+01
2.000000000000000000e+00 1.396079711914062500e+02
1.086585044860839844e+01 1.087930755615234375e+02
1.220104503631591797e+01 1.034323730468750000e+02
9.200840950012207031e+00 1.155942687988281250e+02
1.732978248596191406e+01 8.358160400390625000e+01
1.682543182373046875e+01 8.560454559326171875e+01
7.463882446289062500e+00 1.225506439208984375e+02
9.835912704467773438e+00 1.129960403442382812e+02
3.967660188674926758e+00 1.344849243164062500e+02
7.346543312072753906e+00 1.229888076782226562e+02
1.089331722259521484e+01 1.086988372802734375e+02
6.232707977294921875e+00 1.271611404418945312e+02
7.799311637878417969e+00 1.211931304931640625e+02
8.869371414184570312e+00 1.169967803955078125e+02
6.862376213073730469e+00 1.267510604858398438e+02
1.003131580352783203e+01 1.121676330566406250e+02
1.360913562774658203e+01 9.797038269042968750e+01
8.745986938476562500e+00 1.173489074707031250e+02
1.416048431396484375e+01 9.583029174804687500e+01
8.773170471191406250e+00 1.173243179321289062e+02
1.291195392608642578e+01 1.006551666259765625e+02
1.127735424041748047e+01 1.071648788452148438e+02
3.565805435180664062e+00 1.356077575683593750e+02
2.906281471252441406e+00 1.369838256835937500e+02
3.919409275054931641e+00 1.346256408691406250e+02
2.825676918029785156e+00 1.374184570312500000e+02
1.188050079345703125e+01 1.046455230712890625e+02
1.045484066009521484e+01 1.104465789794921875e+02
8.995741844177246094e+00 1.163634643554687500e+02
1.045699596405029297e+01 1.104492340087890625e+02
3.943067550659179688e+00 1.345474548339843750e+02
9.806583404541015625e+00 1.131310958862304688e+02
1.127861785888671875e+01 1.071480178833007812e+02
5.250660896301269531e+00 1.304669952392578125e+02
1.555280208587646484e+01 9.052423858642578125e+01
1.317213821411132812e+01 9.961210632324218750e+01
1.471498394012451172e+01 9.364775085449218750e+01
5.320501327514648438e+00 1.303112487792968750e+02
1.483422183990478516e+01 9.320449829101562500e+01
1.350017356872558594e+01 9.834302520751953125e+01
9.239584922790527344e+00 1.153527297973632812e+02
6.461914062500000000e+00 1.261985778808593750e+02
1.026479530334472656e+01 1.112554702758789062e+02
6.336424827575683594e+00 1.266470260620117188e+02
1.329514026641845703e+01 9.909599304199218750e+01
1.063644409179687500e+01 1.097555084228515625e+02
9.300573348999023438e+00 1.151477127075195312e+02
2.000000000000000000e+01 7.275576782226562500e+01
2.823545932769775391e+00 1.373626556396484375e+02
7.022263526916503906e+00 1.242427825927734375e+02
4.759907722473144531e+00 1.320999450683593750e+02
4.763373851776123047e+00 1.321262969970703125e+02
1.110063934326171875e+01 1.078603057861328125e+02
3.580869674682617188e+00 1.354812469482421875e+02
8.260208129882812500e+00 1.193718414306640625e+02
7.063686370849609375e+00 1.240309295654296875e+02
7.379916191101074219e+00 1.228481140136718750e+02
9.965046882629394531e+00 1.126190643310546875e+02
6.629128456115722656e+00 1.256670379638671875e+02
1.710833740234375000e+01 8.446598815917968750e+01
4.058132171630859375e+00 1.341690368652343750e+02
2.000000000000000000e+01 7.094264221191406250e+01
1.763402938842773438e+01 8.246994018554687500e+01
9.755777359008789062e+00 1.132950286865234375e+02
7.969563007354736328e+00 1.204769897460937500e+02
8.813645362854003906e+00 1.170582122802734375e+02
8.887638092041015625e+00 1.168779373168945312e+02
6.744902133941650391e+00 1.252243041992187500e+02
9.099846839904785156e+00 1.159599151611328125e+02
5.589963912963867188e+00 1.294286804199218750e+02
1.471459388732910156e+01 9.369595336914062500e+01
1.523040771484375000e+01 9.172859191894531250e+01
6.704056739807128906e+00 1.254410781860351562e+02
1.219857311248779297e+01 1.034445495605468750e+02
7.904123306274414062e+00 1.207256546020507812e+02
1.565062999725341797e+01 9.015072631835937500e+01
1.473603630065917969e+01 9.360100555419921875e+01
1.827307128906250000e+01 7.993521118164062500e+01
1.209755325317382812e+01 1.038822555541992188e+02
7.191208362579345703e+00 1.235898666381835938e+02
1.795954895019531250e+01 8.107884979248046875e+01
8.984321594238281250e+00 1.164584655761718750e+02
1.273927021026611328e+01 1.013243408203125000e+02
1.437627983093261719e+01 9.490261077880859375e+01
1.100610446929931641e+01 1.082506332397460938e+02
1.663508605957031250e+01 8.625196838378906250e+01
1.836665534973144531e+01 7.917111968994140625e+01
1.714089393615722656e+01 8.454246520996093750e+01
6.463201045989990234e+00 1.262919845581054688e+02
1.066139125823974609e+01 1.095922241210937500e+02
6.032481193542480469e+00 1.278591308593750000e+02
9.049449920654296875e+00 1.162023696899414062e+02
3.534387350082397461e+00 1.356353759765625000e+02
9.991680145263671875e+00 1.124216461181640625e+02
1.008871650695800781e+01 1.120220489501953125e+02
7.863347053527832031e+00 1.209145355224609375e+02
6.037727355957031250e+00 1.278600845336914062e+02
1.577245807647705078e+01 8.967064666748046875e+01
2.761867523193359375e+00 1.375442810058593750e+02
4.883879184722900391e+00 1.317582702636718750e+02
1.675333023071289062e+01 8.588056945800781250e+01
9.984456062316894531e+00 1.123754348754882812e+02
1.795443344116210938e+01 8.114241790771484375e+01
1.547059631347656250e+01 9.078665924072265625e+01
7.199194431304931641e+00 1.235430374145507812e+02
1.013016891479492188e+01 1.117986373901367188e+02
8.110914230346679688e+00 1.198968582153320312e+02
1.754269027709960938e+01 8.281294250488281250e+01
7.834728240966796875e+00 1.210619735717773438e+02
7.107654571533203125e+00 1.238725738525390625e+02
9.099729537963867188e+00 1.159731216430664062e+02
1.207210826873779297e+01 1.039590682983398438e+02
7.721499443054199219e+00 1.215312423706054688e+02
1.473460388183593750e+01 9.356046295166015625e+01
1.464940738677978516e+01 9.395343780517578125e+01
9.308641433715820312e+00 1.150983123779296875e+02
1.752178573608398438e+01 8.240032958984375000e+01
1.654133224487304688e+01 8.661978912353515625e+01
7.147764205932617188e+00 1.236452865600585938e+02
3.532493352890014648e+00 1.356842041015625000e+02
1.150881576538085938e+01 1.062603683471679688e+02
8.584499359130859375e+00 1.180176391601562500e+02
2.893786668777465820e+00 1.372286682128906250e+02
8.998905181884765625e+00 1.163504867553710938e+02
1.697788810729980469e+01 8.481421661376953125e+01
1.501324081420898438e+01 9.249948883056640625e+01
7.914960384368896484e+00 1.206677017211914062e+02
1.252453422546386719e+01 1.022169418334960938e+02
4.933013439178466797e+00 1.314388732910156250e+02
1.017011737823486328e+01 1.116103515625000000e+02
3.527001619338989258e+00 1.355866088867187500e+02
1.268604469299316406e+01 1.015206527709960938e+02
1.754707336425781250e+01 8.156203460693359375e+01
1.729323959350585938e+01 8.383842468261718750e+01
8.405466079711914062e+00 1.188133316040039062e+02
4.806884288787841797e+00 1.320091857910156250e+02
9.400827407836914062e+00 1.147767105102539062e+02
1.535208797454833984e+01 9.125184631347656250e+01
1.341983795166015625e+01 9.868885803222656250e+01
5.029812812805175781e+00 1.313104095458984375e+02
1.732030868530273438e+01 8.351417541503906250e+01
8.166174888610839844e+00 1.196719284057617188e+02
1.574339866638183594e+01 8.982916259765625000e+01
8.480755805969238281e+00 1.185309829711914062e+02
1.790359497070312500e+01 8.143005371093750000e+01
9.465961456298828125e+00 1.144858856201171875e+02
1.121471118927001953e+01 1.074083938598632812e+02
1.621878814697265625e+01 8.803334045410156250e+01
4.150398731231689453e+00 1.339341125488281250e+02
5.527448177337646484e+00 1.295624847412109375e+02
6.998115539550781250e+00 1.242616043090820312e+02
9.982557296752929688e+00 1.124144744873046875e+02
1.239290809631347656e+01 1.024504547119140625e+02
8.451880455017089844e+00 1.186314620971679688e+02
6.777491569519042969e+00 1.251465988159179688e+02
1.669941711425781250e+01 8.600337219238281250e+01
1.602262306213378906e+01 8.865054321289062500e+01
7.735199928283691406e+00 1.214715118408203125e+02
7.693150520324707031e+00 1.216246109008789062e+02
9.508764266967773438e+00 1.143363189697265625e+02
8.274530410766601562e+00 1.193389129638671875e+02
1.389559459686279297e+01 9.685346984863281250e+01
1.258837890625000000e+01 1.019260559082031250e+02
7.733459949493408203e+00 1.213732833862304688e+02
1.584681701660156250e+01 8.942088317871093750e+01
6.264002799987792969e+00 1.270249786376953125e+02
8.294878959655761719e+00 1.192270965576171875e+02
1.948597526550292969e+01 7.501150512695312500e+01
9.995917320251464844e+00 1.123418426513671875e+02
5.587600708007812500e+00 1.292980041503906250e+02
8.135740280151367188e+00 1.198352203369140625e+02
1.244345760345458984e+01 1.024634857177734375e+02
1.277816486358642578e+01 1.011089935302734375e+02
7.669381618499755859e+00 1.217181549072265625e+02
1.209849452972412109e+01 1.038598480224609375e+02
7.094699382781982422e+00 1.239620285034179688e+02
4.739782333374023438e+00 1.320367279052734375e+02
2.000000000000000000e+01 7.267144775390625000e+01
1.732567787170410156e+01 8.361569976806640625e+01
1.233001232147216797e+01 1.029317932128906250e+02
2.000000000000000000e+00 1.395372314453125000e+02
1.104810333251953125e+01 1.080653533935546875e+02
2.179933309555053711e+00 1.388759002685546875e+02
2.000000000000000000e+00 1.392256469726562500e+02
1.544704246520996094e+01 9.093289184570312500e+01
1.167696094512939453e+01 1.054963455200195312e+02
5.842257022857666016e+00 1.284953918457031250e+02
1.129147911071777344e+01 1.071197586059570312e+02
1.011262798309326172e+01 1.118628845214843750e+02
9.368972778320312500e+00 1.148609008789062500e+02
3.130629539489746094e+00 1.367173309326171875e+02
1.421485042572021484e+01 9.562329101562500000e+01
1.240127277374267578e+01 1.026751251220703125e+02
1.331123542785644531e+01 9.910275268554687500e+01
6.270884037017822266e+00 1.270121536254882812e+02
1.545253372192382812e+01 9.075875091552734375e+01
1.608578872680664062e+01 8.850646972656250000e+01
9.691774368286132812e+00 1.135939178466796875e+02
1.195618247985839844e+01 1.044275054931640625e+02
2.926748275756835938e+00 1.370982971191406250e+02
4.076742172241210938e+00 1.342078399658203125e+02
9.894994735717773438e+00 1.128500289916992188e+02
9.832562446594238281e+00 1.130751953125000000e+02
1.227128124237060547e+01 1.032034759521484375e+02
8.424707412719726562e+00 1.186783981323242188e+02
1.734042739868164062e+01 8.332681274414062500e+01
9.991996765136718750e+00 1.123737487792968750e+02
3.240771293640136719e+00 1.357084503173828125e+02
1.300347042083740234e+01 1.002894897460937500e+02
8.733341217041015625e+00 1.174578857421875000e+02
9.825229644775390625e+00 1.130659942626953125e+02
8.591702461242675781e+00 1.179890594482421875e+02
9.800027847290039062e+00 1.131153259277343750e+02
6.290576934814453125e+00 1.269745330810546875e+02
1.012240028381347656e+01 1.117951812744140625e+02
1.737926673889160156e+01 8.342544555664062500e+01
1.012049102783203125e+01 1.118383636474609375e+02
6.531351089477539062e+00 1.260483093261718750e+02
1.426911258697509766e+01 9.542289733886718750e+01
8.081554412841796875e+00 1.200363159179687500e+02
1.786540794372558594e+01 8.153520965576171875e+01
1.842527389526367188e+01 7.927894592285156250e+01
1.122537040710449219e+01 1.073796081542968750e+02
2.000000000000000000e+00 1.396305236816406250e+02
9.820528030395507812e+00 1.130719909667968750e+02
4.659797668457031250e+00 1.321871948242187500e+02
1.058469390869140625e+01 1.099156341552734375e+02
1.312570190429687500e+01 9.981622314453125000e+01
1.784387588500976562e+01 8.198751831054687500e+01
1.776492118835449219e+01 8.200744628906250000e+01
9.362718582153320312e+00 1.149485015869140625e+02
1.229141426086425781e+01 1.030916748046875000e+02
6.310599327087402344e+00 1.267987594604492188e+02
7.223030090332031250e+00 1.234631347656250000e+02
5.103569030761718750e+00 1.310412597656250000e+02
6.524066448211669922e+00 1.261136856079101562e+02
7.072288990020751953e+00 1.238656921386718750e+02
3.331756114959716797e+00 1.361233673095703125e+02
1.700158309936523438e+01 8.453982543945312500e+01
9.679069519042968750e+00 1.136811599731445312e+02
5.444690704345703125e+00 1.298119506835937500e+02
1.149639987945556641e+01 1.062666778564453125e+02
7.490077495574951172e+00 1.223777008056640625e+02
1.171255874633789062e+01 1.054272232055664062e+02
1.281744384765625000e+01 1.010329360961914062e+02
6.994315147399902344e+00 1.243376998901367188e+02
1.288484764099121094e+01 1.007514953613281250e+02
7.220633506774902344e+00 1.234186248779296875e+02
1.291940498352050781e+01 1.006192169189453125e+02
6.965896606445312500e+00 1.244842681884765625e+02
1.563737106323242188e+01 9.022959899902343750e+01
8.634752273559570312e+00 1.179068832397460938e+02
5.263104915618896484e+00 1.305312500000000000e+02
1.736102294921875000e+01 8.356716918945312500e+01
3.696559906005859375e+00 1.352436065673828125e+02
9.492925643920898438e+00 1.144040145874023438e+02
9.230754852294921875e+00 1.154956665039062500e+02
5.757173061370849609e+00 1.288232421875000000e+02
8.876963615417480469e+00 1.169165039062500000e+02
7.504387378692626953e+00 1.223542251586914062e+02
8.750600814819335938e+00 1.174226760864257812e+02
6.270661830902099609e+00 1.270226593017578125e+02
3.701618194580078125e+00 1.352800598144531250e+02
6.197527408599853516e+00 1.273272323608398438e+02
9.726007461547851562e+00 1.134454879760742188e+02
9.894636154174804688e+00 1.127701110839843750e+02
1.308791923522949219e+01 9.996847534179687500e+01
7.047368526458740234e+00 1.240853195190429688e+02
9.245170593261718750e+00 1.153309783935546875e+02
4.929390907287597656e+00 1.315359497070312500e+02
1.621841812133789062e+01 8.798875427246093750e+01
1.211155128479003906e+01 1.038054962158203125e+02
5.734069824218750000e+00 1.288739318847656250e+02
8.512784957885742188e+00 1.182868423461914062e+02
6.798260211944580078e+00 1.247552337646484375e+02
8.133533477783203125e+00 1.197923355102539062e+02
2.000000000000000000e+00 1.396039581298828125e+02
9.983409881591796875e+00 1.124056167602539062e+02
3.369229316711425781e+00 1.360941467285156250e+02
1.683427810668945312e+01 8.572668457031250000e+01
1.698614120483398438e+01 8.505803680419921875e+01
1.073197460174560547e+01 1.093430786132812500e+02
2.585306406021118164e+00 1.379831542968750000e+02
7.620646953582763672e+00 1.220176086425781250e+02
7.092556953430175781e+00 1.239654541015625000e+02
9.521684646606445312e+00 1.142723236083984375e+02
9.363354682922363281e+00 1.148568496704101562e+02
1.100286102294921875e+01 1.081909484863281250e+02
3.407409191131591797e+00 1.358474731445312500e+02
1.657921218872070312e+01 8.663780212402343750e+01
1.195485115051269531e+01 1.044074172973632812e+02
1.159692192077636719e+01 1.058011322021484375e+02
3.510139465332031250e+00 1.357844390869140625e+02
4.867102622985839844e+00 1.317683105468750000e+02
1.309216690063476562e+01 9.987944793701171875e+01
4.960478782653808594e+00 1.314608764648437500e+02
1.578754234313964844e+01 8.964311981201171875e+01
1.823690795898437500e+01 8.072280120849609375e+01
6.433157920837402344e+00 1.263204498291015625e+02
4.301657676696777344e+00 1.334353332519531250e+02
1.035030746459960938e+01 1.108701782226562500e+02
1.430230236053466797e+01 9.526518249511718750e+01
1.374937725067138672e+01 9.742474365234375000e+01
9.642587661743164062e+00 1.137901535034179688e+02
1.296797466278076172e+01 1.004477310180664062e+02
5.370365142822265625e+00 1.301338806152343750e+02
7.539062023162841797e+00 1.222694396972656250e+02
1.130661201477050781e+01 1.074261779785156250e+02
8.767108917236328125e+00 1.174104385375976562e+02
7.804640769958496094e+00 1.210929412841796875e+02
1.563323307037353516e+01 9.014260864257812500e+01
3.787969589233398438e+00 1.349133911132812500e+02
6.198897838592529297e+00 1.272739257812500000e+02
8.475629806518554688e+00 1.185150833129882812e+02
1.685772705078125000e+01 8.556796264648437500e+01
5.642630577087402344e+00 1.291660461425781250e+02
2.000000000000000000e+01 7.275403594970703125e+01
4.977162837982177734e+00 1.313955993652343750e+02
1.702654266357421875e+01 8.488805389404296875e+01
8.415754318237304688e+00 1.187500839233398438e+02
1.368702888488769531e+01 9.764022827148437500e+01
1.316735363006591797e+01 9.967510986328125000e+01
1.201145458221435547e+01 1.041830139160156250e+02
2.000000000000000000e+01 7.108525085449218750e+01
1.115748405456542969e+01 1.076191864013671875e+02
9.417804718017578125e+00 1.147094726562500000e+02
9.634568214416503906e+00 1.138017196655273438e+02
1.674820327758789062e+01 8.589816284179687500e+01
7.375060558319091797e+00 1.228267059326171875e+02
1.287389850616455078e+01 1.007749786376953125e+02
1.038478374481201172e+01 1.107572174072265625e+02
5.897443771362304688e+00 1.282569885253906250e+02
6.608501434326171875e+00 1.257136383056640625e+02
8.653329849243164062e+00 1.177498016357421875e+02
1.000120544433593750e+01 1.122895126342773438e+02
7.528084278106689453e+00 1.222504348754882812e+02
3.357907533645629883e+00 1.365079650878906250e+02
4.679809093475341797e+00 1.323652954101562500e+02
1.394115447998046875e+01 9.665641021728515625e+01
1.690990638732910156e+01 8.517031860351562500e+01
5.961760044097900391e+00 1.281362609863281250e+02
3.302793979644775391e+00 1.362727050781250000e+02
2.000000000000000000e+01 7.274011230468750000e+01
6.882841110229492188e+00 1.247452545166015625e+02
8.280550003051757812e+00 1.193382720947265625e+02
9.518663406372070312e+00 1.142738723754882812e+02
8.683614730834960938e+00 1.176883926391601562e+02
7.251997947692871094e+00 1.233546600341796875e+02
6.460783004760742188e+00 1.262510681152343750e+02
6.928427696228027344e+00 1.245198516845703125e+02
1.065987682342529297e+01 1.096243286132812500e+02
1.569297599792480469e+01 9.000847625732421875e+01
3.625810384750366211e+00 1.353238525390625000e+02
8.416549682617187500e+00 1.186933059692382812e+02
9.321963310241699219e+00 1.151349639892578125e+02
1.545032215118408203e+01 9.090351104736328125e+01
1.515210723876953125e+01 9.199870300292968750e+01
7.158536434173583984e+00 1.236455154418945312e+02
1.323227787017822266e+01 9.942376708984375000e+01
7.646765232086181641e+00 1.218651123046875000e+02
1.385347461700439453e+01 9.699650573730468750e+01
1.512186241149902344e+01 9.211781311035156250e+01
8.732429504394531250e+00 1.175078582763671875e+02
1.282927608489990234e+01 1.009767684936523438e+02
2.000000000000000000e+00 1.395983123779296875e+02
6.137444972991943359e+00 1.275073471069335938e+02
5.461183547973632812e+00 1.298352508544921875e+02
9.858032226562500000e+00 1.128775100708007812e+02
5.967391967773437500e+00 1.281836700439453125e+02
1.392701435089111328e+01 9.673922729492187500e+01
1.166174125671386719e+01 1.055550689697265625e+02
9.987271308898925781e+00 1.123999176025390625e+02
8.877106666564941406e+00 1.168133697509765625e+02
1.629114341735839844e+01 8.762684631347656250e+01
2.000000000000000000e+00 1.395387878417968750e+02
1.099670600891113281e+01 1.082827301025390625e+02
1.052704811096191406e+01 1.102014007568359375e+02
1.279016780853271484e+01 1.010908050537109375e+02
1.904649353027343750e+01 7.613130187988281250e+01
2.000000000000000000e+01 6.606709289550781250e+01
1.816654014587402344e+01 8.042305755615234375e+01
1.457196044921875000e+01 9.416120910644531250e+01
1.391243839263916016e+01 9.674780273437500000e+01
2.000000000000000000e+01 7.270599365234375000e+01
9.104713439941406250e+00 1.159947357177734375e+02
1.940816879272460938e+01 7.498029327392578125e+01
6.890184879302978516e+00 1.247294082641601562e+02
1.950185966491699219e+01 7.483822631835937500e+01
8.614195823669433594e+00 1.179550247192382812e+02
1.048902320861816406e+01 1.103052825927734375e+02
8.142902374267578125e+00 1.198275451660156250e+02
1.520004177093505859e+01 9.189144134521484375e+01
9.219244003295898438e+00 1.154629287719726562e+02
1.678878974914550781e+01 8.574372863769531250e+01
1.765019226074218750e+01 8.250120544433593750e+01
5.202692985534667969e+00 1.307171783447265625e+02
5.018427848815917969e+00 1.312822875976562500e+02
1.521438121795654297e+01 9.173495483398437500e+01
1.236088562011718750e+01 1.028528900146484375e+02
7.600340366363525391e+00 1.219593582153320312e+02
6.970077037811279297e+00 1.243895492553710938e+02
1.469889163970947266e+01 9.372669982910156250e+01
8.726772308349609375e+00 1.175317230224609375e+02
2.892422199249267578e+00 1.371830444335937500e+02
2.000000000000000000e+00 1.396038970947265625e+02
1.715015792846679688e+01 8.437174987792968750e+01
3.852214336395263672e+00 1.345331115722656250e+02
1.073470306396484375e+01 1.092730560302734375e+02
4.871605396270751953e+00 1.320595092773437500e+02
1.125792407989501953e+01 1.071644439697265625e+02
5.720149993896484375e+00 1.288572998046875000e+02
5.139145851135253906e+00 1.308995208740234375e+02
7.590516090393066406e+00 1.219860763549804688e+02
1.136697387695312500e+01 1.067798156738281250e+02
1.025828742980957031e+01 1.112679977416992188e+02
5.655266761779785156e+00 1.291349182128906250e+02
1.511814117431640625e+01 9.216586303710937500e+01
1.300841712951660156e+01 1.002665252685546875e+02
2.436270475387573242e+00 1.382907562255859375e+02
3.814657211303710938e+00 1.348651733398437500e+02
1.628430557250976562e+01 8.769256591796875000e+01
1.137723445892333984e+01 1.067460479736328125e+02
1.681405258178710938e+01 8.564113616943359375e+01
1.638796615600585938e+01 8.733837127685546875e+01
1.717561340332031250e+01 8.434963989257812500e+01
1.188302993774414062e+01 1.047341156005859375e+02
1.536286830902099609e+01 9.119324493408203125e+01
1.243984413146972656e+01 1.024383544921875000e+02
1.727993774414062500e+01 8.404020690917968750e+01
5.051980495452880859e+00 1.312002563476562500e+02
8.278433799743652344e+00 1.193412399291992188e+02
1.168012905120849609e+01 1.053993072509765625e+02
1.097188663482666016e+01 1.082397079467773438e+02
1.514983367919921875e+01 9.211776733398437500e+01
1.483250331878662109e+01 9.320678710937500000e+01
1.305825996398925781e+01 1.001222534179687500e+02
1.657413864135742188e+01 8.658135986328125000e+01
5.459472656250000000e+00 1.298044128417968750e+02
1.435562229156494141e+01 9.505862426757812500e+01
1.514881801605224609e+01 9.204881286621093750e+01
4.382326602935791016e+00 1.332566223144531250e+02
1.112437725067138672e+01 1.077846069335937500e+02
5.049390792846679688e+00 1.311643676757812500e+02
8.455414772033691406e+00 1.186272430419921875e+02
1.374992179870605469e+01 9.742573547363281250e+01
1.015018558502197266e+01 1.117352294921875000e+02
1.291678619384765625e+01 1.006559219360351562e+02
2.418437719345092773e+00 1.382558288574218750e+02
7.525904178619384766e+00 1.222784271240234375e+02
1.086253261566162109e+01 1.088010864257812500e+02
1.393503856658935547e+01 9.672158050537109375e+01
1.016281700134277344e+01 1.115897674560546875e+02
9.966517448425292969e+00 1.124615783691406250e+02
1.439797210693359375e+01 9.489892578125000000e+01
1.312663841247558594e+01 9.981906127929687500e+01
7.703373432159423828e+00 1.215795669555664062e+02
3.720759868621826172e+00 1.351349182128906250e+02
1.047796440124511719e+01 1.104139633178710938e+02
5.256394386291503906e+00 1.305048828125000000e+02
7.720617294311523438e+00 1.215362319946289062e+02
6.173521995544433594e+00 1.273889694213867188e+02
8.309787750244140625e+00 1.191615295410156250e+02
4.553020477294921875e+00 1.327276306152343750e+02
1.127533340454101562e+01 1.069941711425781250e+02
8.151031494140625000e+00 1.198299407958984375e+02
2.000000000000000000e+00 1.395343627929687500e+02
1.107902526855468750e+01 1.079478149414062500e+02
1.482376289367675781e+01 9.331542968750000000e+01
6.674667358398437500e+00 1.255041809082031250e+02
1.232119941711425781e+01 1.029376373291015625e+02
1.137781810760498047e+01 1.066504974365234375e+02
5.643097877502441406e+00 1.292751464843750000e+02
7.354350090026855469e+00 1.229527053833007812e+02
6.702807903289794922e+00 1.253791961669921875e+02
1.451437091827392578e+01 9.440972137451171875e+01
2.471773624420166016e+00 1.382308349609375000e+02
7.410388946533203125e+00 1.225339660644531250e+02
2.000000000000000000e+01 7.188571166992187500e+01
1.738495254516601562e+01 8.367264556884765625e+01
1.233624649047851562e+01 1.029337310791015625e+02
3.262479782104492188e+00 1.363828887939453125e+02
1.383057975769042969e+01 9.706642913818359375e+01
8.231637954711914062e+00 1.194790954589843750e+02
2.614976406097412109e+00 1.379381103515625000e+02
8.426849365234375000e+00 1.186991882324218750e+02
5.709726333618164062e+00 1.289689941406250000e+02
8.779306411743164062e+00 1.178656234741210938e+02
7.444840431213378906e+00 1.225982360839843750e+02
1.938807487487792969e+01 7.543100738525390625e+01
1.211320686340332031e+01 1.038176498413085938e+02
1.618871879577636719e+01 8.778349304199218750e+01
3.748048067092895508e+00 1.350268859863281250e+02
1.884137535095214844e+01 7.756844329833984375e+01
1.436224746704101562e+01 9.506446838378906250e+01
3.604769945144653320e+00 1.355094757080078125e+02
1.819627761840820312e+01 8.072831726074218750e+01
1.517152023315429688e+01 9.195014953613281250e+01
1.103110599517822266e+01 1.081359100341796875e+02
1.720767593383789062e+01 8.418276214599609375e+01
1.019175148010253906e+01 1.114787597656250000e+02
5.554749488830566406e+00 1.295144653320312500e+02
1.276331233978271484e+01 1.012188949584960938e+02
6.576325416564941406e+00 1.259050903320312500e+02
3.774456262588500977e+00 1.349706115722656250e+02
5.026435852050781250e+00 1.312077331542968750e+02
6.850154876708984375e+00 1.248778686523437500e+02
7.617699146270751953e+00 1.218929824829101562e+02
6.534384250640869141e+00 1.260768814086914062e+02
1.485548210144042969e+01 9.311805725097656250e+01
1.274201965332031250e+01 1.013450012207031250e+02
1.573759269714355469e+01 8.983189392089843750e+01
6.831550598144531250e+00 1.249572143554687500e+02
1.642824172973632812e+01 8.715145111083984375e+01
1.035908126831054688e+01 1.108867034912109375e+02
1.240159606933593750e+01 1.026750793457031250e+02
5.421029090881347656e+00 1.299653625488281250e+02
4.504729270935058594e+00 1.328065490722656250e+02
7.595409870147705078e+00 1.219146270751953125e+02
1.511165618896484375e+01 9.219090270996093750e+01
1.696254730224609375e+01 8.514915466308593750e+01
6.327105045318603516e+00 1.269850234985351562e+02
5.199431896209716797e+00 1.306604003906250000e+02
8.877168655395507812e+00 1.168451461791992188e+02
1.317954063415527344e+01 9.962850952148437500e+01
5.237169265747070312e+00 1.305942687988281250e+02
1.169291496276855469e+01 1.054107055664062500e+02
1.141800689697265625e+01 1.065962905883789062e+02
7.871872901916503906e+00 1.208847656250000000e+02
5.457015514373779297e+00 1.298749694824218750e+02
1.528913021087646484e+01 9.143317413330078125e+01
1.204772663116455078e+01 1.040587158203125000e+02
1.699725723266601562e+01 8.501336669921875000e+01
8.434132575988769531e+00 1.186389236450195312e+02
2.000000000000000000e+00 1.395923614501953125e+02
1.661640167236328125e+01 8.636198425292968750e+01
2.000000000000000000e+00 1.394302978515625000e+02
3.275261640548706055e+00 1.363087768554687500e+02
8.988540649414062500e+00 1.162834320068359375e+02
4.987658500671386719e+00 1.313399200439453125e+02
7.151363372802734375e+00 1.237541656494140625e+02
1.243827915191650391e+01 1.024765625000000000e+02
5.668911457061767578e+00 1.291045532226562500e+02
4.134115219116210938e+00 1.340594482421875000e+02
8.169648170471191406e+00 1.197795715332031250e+02
1.261707782745361328e+01 1.017970123291015625e+02
3.861029863357543945e+00 1.346973114013671875e+02
1.665505409240722656e+01 8.637101745605468750e+01
5.572016716003417969e+00 1.294677276611328125e+02
8.898228645324707031e+00 1.167578201293945312e+02
9.411445617675781250e+00 1.147094955444335938e+02
3.197071075439453125e+00 1.365612335205078125e+02
9.179449081420898438e+00 1.156720275878906250e+02
4.017618179321289062e+00 1.343383789062500000e+02
8.873973846435546875e+00 1.169224243164062500e+02
9.143882751464843750e+00 1.157961654663085938e+02
1.304329299926757812e+01 1.001224060058593750e+02
1.247829723358154297e+01 1.023366546630859375e+02
1.543756008148193359e+01 9.093623352050781250e+01
1.707058334350585938e+01 8.461958312988281250e+01
3.081513166427612305e+00 1.367903747558593750e+02
1.418928146362304688e+01 9.570422363281250000e+01
1.638247680664062500e+01 8.733102416992187500e+01
1.105682086944580078e+01 1.080522460937500000e+02
1.388306140899658203e+01 9.670735168457031250e+01
6.226301670074462891e+00 1.272268981933593750e+02
1.456746292114257812e+01 9.425468444824218750e+01
7.772956371307373047e+00 1.212715911865234375e+02
1.073320484161376953e+01 1.092870559692382812e+02
1.224467372894287109e+01 1.033627929687500000e+02
8.587810516357421875e+00 1.180809326171875000e+02
1.452525520324707031e+01 9.443965911865234375e+01
1.723351860046386719e+01 8.399488830566406250e+01
2.000000000000000000e+01 8.130140686035156250e+01
1.320087337493896484e+01 9.951525878906250000e+01
1.366778850555419922e+01 9.763700866699218750e+01
2.000000000000000000e+00 1.395850219726562500e+02
2.257117986679077148e+00 1.386566619873046875e+02
5.539119720458984375e+00 1.295665283203125000e+02
7.021355628967285156e+00 1.241722946166992188e+02
2.000000000000000000e+01 7.272600555419921875e+01
9.292909622192382812e+00 1.152062301635742188e+02
9.638584136962890625e+00 1.137933044433593750e+02
7.975342273712158203e+00 1.205168762207031250e+02
1.398290252685546875e+01 9.651661682128906250e+01
1.186622428894042969e+01 1.047850036621093750e+02
1.201764678955078125e+01 1.039848861694335938e+02
1.746162223815917969e+01 8.320571899414062500e+01
1.280661678314208984e+01 1.010980224609375000e+02
4.445908546447753906e+00 1.330995178222656250e+02
1.526958179473876953e+01 9.162231445312500000e+01
5.177101135253906250e+00 1.308062744140625000e+02
7.584074974060058594e+00 1.219657592773437500e+02
1.335122299194335938e+01 9.839169311523437500e+01
5.001326084136962891e+00 1.313781585693359375e+02
1.338763236999511719e+01 9.875279998779296875e+01
4.994678497314453125e+00 1.313435668945312500e+02
1.311949920654296875e+01 9.987669372558593750e+01
9.187969207763671875e+00 1.157174758911132812e+02
1.919582176208496094e+01 7.629173278808593750e+01
6.214063167572021484e+00 1.271546020507812500e+02
1.500622940063476562e+01 9.261132812500000000e+01
3.862185239791870117e+00 1.344429016113281250e+02
5.546094894409179688e+00 1.295757904052734375e+02
1.244327735900878906e+01 1.025155868530273438e+02
1.619876861572265625e+01 8.801925659179687500e+01
8.521726608276367188e+00 1.183433151245117188e+02
1.408386611938476562e+01 9.612548828125000000e+01
1.016747665405273438e+01 1.116425628662109375e+02
1.171985244750976562e+01 1.053757629394531250e+02
2.948374986648559570e+00 1.371435546875000000e+02
1.149432468414306641e+01 1.062295989990234375e+02
1.416681957244873047e+01 9.577315521240234375e+01
2.315622091293334961e+00 1.384750823974609375e+02
8.880377769470214844e+00 1.168306427001953125e+02
8.983692169189453125e+00 1.164846115112304688e+02
6.537276268005371094e+00 1.260611419677734375e+02
1.174961948394775391e+01 1.052299957275390625e+02
1.770573997497558594e+01 8.216546630859375000e+01
3.682666301727294922e+00 1.352214355468750000e+02
1.633595657348632812e+01 8.746147918701171875e+01
6.790186405181884766e+00 1.250839767456054688e+02
4.612632751464843750e+00 1.325840759277343750e+02
3.276871681213378906e+00 1.363159484863281250e+02
3.553511619567871094e+00 1.355646667480468750e+02
6.433720111846923828e+00 1.264317626953125000e+02
1.598420524597167969e+01 8.876904296875000000e+01
7.145304679870605469e+00 1.237544631958007812e+02
1.273407268524169922e+01 1.013460083007812500e+02
1.557117938995361328e+01 9.042704772949218750e+01
1.641450691223144531e+01 8.718432617187500000e+01
1.254785442352294922e+01 1.020845565795898438e+02
1.839216423034667969e+01 7.936199951171875000e+01
5.645275592803955078e+00 1.292241821289062500e+02
2.000000000000000000e+00 1.396126403808593750e+02
8.254929542541503906e+00 1.193869857788085938e+02
8.195960044860839844e+00 1.196485061645507812e+02
1.919359207153320312e+01 7.577523040771484375e+01
4.437911987304687500e+00 1.330504760742187500e+02
1.191959571838378906e+01 1.045294494628906250e+02
1.331364440917968750e+01 9.908651733398437500e+01
5.898581027984619141e+00 1.283566894531250000e+02
1.045990371704101562e+01 1.104307098388671875e+02
1.143774509429931641e+01 1.064198913574218750e+02
5.710122108459472656e+00 1.289607086181640625e+02
8.699161529541015625e+00 1.176382675170898438e+02
1.211913013458251953e+01 1.037824249267578125e+02
1.512759876251220703e+01 9.211254119873046875e+01
5.713851928710937500e+00 1.289506225585937500e+02
1.230069541931152344e+01 1.030813293457031250e+02
8.567018508911132812e+00 1.181437835693359375e+02
8.249591827392578125e+00 1.194198303222656250e+02
6.844066143035888672e+00 1.248675003051757812e+02
5.533782005310058594e+00 1.295444030761718750e+02
1.290396595001220703e+01 1.006830291748046875e+02
