2.500000000000000052e-04 9.883955807997544252e-01 9.968901948444219840e-01
5.000000000000000104e-04 9.857879133708119523e-01 9.968956740427321606e-01
7.500000000000000156e-04 1.011550198943814260e+00 9.969011532410423371e-01
1.000000000000000021e-03 9.988131812676014354e-01 9.969066324393526246e-01
1.250000000000000026e-03 1.007081581879564647e+00 9.969121116376628011e-01
1.500000000000000031e-03 9.931546855822334097e-01 9.969175908359729776e-01
1.750000000000000036e-03 1.015967083719275577e+00 9.969230700342831542e-01
2.000000000000000042e-03 9.850124422592335671e-01 9.969285492325933307e-01
2.249999999999999830e-03 9.863889635316378524e-01 9.969340284309035072e-01
2.500000000000000052e-03 1.014324019679546218e+00 9.969395076292136837e-01
2.749999999999999840e-03 9.738696926989376390e-01 9.969449868275239712e-01
3.000000000000000062e-03 1.003826326658393553e+00 9.969504660258341477e-01
3.249999999999999851e-03 9.989049610732636530e-01 9.969559452241443243e-01
3.500000000000000073e-03 9.924204675955730082e-01 9.969614244224545008e-01
3.749999999999999861e-03 9.979215398423334493e-01 9.969669036207646773e-01
4.000000000000000083e-03 9.911074836371217556e-01 9.969723828190748538e-01
4.250000000000000305e-03 1.016332074267648711e+00 9.969778620173850303e-01
4.500000000000000527e-03 1.019285664084099707e+00 9.969833412156953178e-01
4.749999999999999882e-03 9.926037495352424411e-01 9.969888204140054944e-01
5.000000000000000104e-03 1.002998966432415928e+00 9.969942996123156709e-01
5.250000000000000326e-03 9.854457136618467450e-01 9.969997788106258474e-01
5.499999999999999681e-03 1.011893021575182239e+00 9.970052580089360239e-01
5.749999999999999903e-03 1.011709157251687641e+00 9.970107372072462004e-01
6.000000000000000125e-03 9.966682733609427691e-01 9.970162164055564880e-01
6.250000000000000347e-03 1.000192235250938699e+00 9.970216956038666645e-01
6.500000000000001436e-03 9.989229765892460033e-01 9.970271748021768410e-01
6.749999999999999924e-03 9.812449369463918103e-01 9.970326540004870175e-01
7.000000000000000146e-03 1.018073646088945683e+00 9.970381331987971940e-01
7.250000000000000368e-03 9.909550686356296545e-01 9.970436123971073705e-01
7.499999999999998855e-03 9.909568448645178496e-01 9.970490915954175470e-01
7.749999999999999944e-03 9.981949279189044066e-01 9.970545707937278346e-01
8.000000000000000167e-03 1.012050466354993850e+00 9.970600499920380111e-01
8.250000000000000389e-03 9.927808260320546418e-01 9.970655291903481876e-01
8.500000000000000611e-03 9.759609024025858171e-01 9.970710083886583641e-01
8.750000000000000833e-03 9.889840027202874140e-01 9.970764875869685406e-01
9.000000000000001055e-03 1.005312501824817906e+00 9.970819667852787171e-01
9.249999999999999542e-03 1.027660288736721439e+00 9.970874459835888937e-01
9.499999999999999764e-03 9.839504707851778331e-01 9.970929251818991812e-01
9.750000000000003456e-03 9.833453948740016326e-01 9.970984043802093577e-01
1.000000000000000021e-02 9.804065590296141552e-01 9.971038835785195342e-01
1.025000000000000043e-02 9.786215987512015824e-01 9.971093627768297107e-01
1.050000000000000065e-02 1.015879336132280875e+00 9.971148419751398873e-01
1.074999999999999914e-02 1.019848545506752080e+00 9.971203211734500638e-01
1.099999999999999936e-02 1.002379956869610789e+00 9.971258003717602403e-01
1.124999999999999958e-02 9.936864034900098064e-01 9.971312795700705278e-01
1.149999999999999981e-02 1.024376204813893132e+00 9.971367587683807043e-01
1.175000000000000003e-02 1.002386047012013837e+00 9.971422379666908808e-01
1.200000000000000025e-02 1.015068526695465545e+00 9.971477171650010574e-01
1.225000000000000047e-02 9.927990215511933725e-01 9.971531963633112339e-01
1.250000000000000069e-02 1.000621868265888725e+00 9.971586755616214104e-01
1.275000000000000265e-02 9.824691691893232548e-01 9.971641547599315869e-01
1.299999999999999940e-02 1.008986467776116225e+00 9.971696339582418744e-01
1.324999999999999963e-02 1.002748516002079926e+00 9.971751131565520510e-01
1.349999999999999985e-02 9.870209202018571659e-01 9.971805923548622275e-01
1.375000000000000007e-02 9.871152940634275730e-01 9.971860715531724040e-01
1.400000000000000029e-02 1.023816369522070779e+00 9.971915507514825805e-01
1.425000000000000051e-02 1.029286375404629528e+00 9.971970299497927570e-01
1.450000000000000074e-02 9.968094886319511794e-01 9.972025091481030445e-01
1.474999999999999922e-02 1.001022108863820925e+00 9.972079883464132211e-01
1.499999999999999944e-02 1.006082699809494718e+00 9.972134675447233976e-01
1.100000000000000006e-01 3.430800378857843391e+00 9.804472150871652580e-01
1.102500000000000008e-01 3.408009101372440508e+00 9.806157413616223284e-01
1.105000000000000010e-01 3.140256705589214992e+00 9.807842676360792877e-01
1.107500000000000012e-01 3.457520496163501544e+00 9.809527939105363581e-01
1.110000000000000014e-01 3.354813208403829794e+00 9.811213201849934284e-01
1.112500000000000017e-01 3.377130192364859340e+00 9.812898464594503878e-01
1.115000000000000019e-01 3.378691296305394776e+00 9.814583727339074581e-01
1.117500000000000021e-01 3.422397888417141765e+00 9.816268990083645285e-01
1.120000000000000023e-01 3.456343664081850342e+00 9.817954252828214878e-01
1.122500000000000026e-01 3.411277399894942608e+00 9.819639515572785582e-01
1.125000000000000028e-01 3.397183319918701816e+00 9.821324778317356285e-01
1.127500000000000030e-01 3.374911672752084257e+00 9.823010041061925879e-01
1.130000000000000032e-01 3.033252371909658685e+00 9.824695303806496582e-01
1.132500000000000034e-01 3.326910568143305547e+00 9.826380566551067286e-01
1.135000000000000037e-01 3.264738633148316804e+00 9.828065829295636879e-01
1.137500000000000039e-01 3.472941612289552449e+00 9.829751092040207583e-01
1.140000000000000041e-01 3.416852515196751039e+00 9.831436354784778286e-01
1.142500000000000043e-01 3.313287496718804181e+00 9.833121617529347880e-01
1.145000000000000046e-01 3.323744814863530017e+00 9.834806880273918583e-01
1.147500000000000048e-01 3.320911188537836178e+00 9.836492143018489287e-01
1.150000000000000050e-01 3.319859209943723410e+00 9.838177405763058880e-01
1.152500000000000052e-01 3.219074580937795194e+00 9.839862668507629584e-01
1.155000000000000054e-01 3.198096483740359819e+00 9.841547931252200287e-01
1.157500000000000057e-01 3.365506120439177629e+00 9.843233193996769881e-01
1.160000000000000059e-01 3.470063095530958819e+00 9.844918456741340584e-01
1.162500000000000061e-01 3.310777536160564249e+00 9.846603719485911288e-01
1.165000000000000063e-01 3.395326641908028353e+00 9.848288982230480881e-01
1.167500000000000066e-01 3.439326428469933639e+00 9.849974244975051585e-01
1.170000000000000068e-01 3.266982528596240609e+00 9.851659507719622288e-01
1.172499999999999931e-01 3.365461311272085698e+00 9.853344770464191882e-01
1.174999999999999933e-01 3.300987838353830917e+00 9.855030033208762585e-01
1.177499999999999936e-01 3.531701356599641795e+00 9.856715295953333289e-01
1.179999999999999938e-01 3.528553052746969065e+00 9.858400558697902882e-01
1.182499999999999940e-01 3.269597859502858306e+00 9.860085821442473586e-01
1.184999999999999942e-01 3.410896842095910486e+00 9.861771084187044289e-01
1.187499999999999944e-01 3.481662886891623732e+00 9.863456346931613883e-01
1.189999999999999947e-01 3.460249741022427994e+00 9.865141609676184586e-01
1.192499999999999949e-01 3.382270784157432875e+00 9.866826872420755290e-01
1.195000000000000229e-01 3.509726583776713760e+00 9.868512135165325994e-01
1.197500000000000231e-01 3.281669507649335404e+00 9.870197397909895587e-01
1.199999999999999956e-01 3.344726139906684104e+00 9.871882660654466290e-01
1.202499999999999958e-01 3.285502683809256919e+00 9.873567923399035884e-01
1.204999999999999960e-01 3.459675297155668350e+00 9.875253186143606587e-01
1.207499999999999962e-01 3.317492405935170030e+00 9.876938448888177291e-01
1.209999999999999964e-01 3.361385862635910105e+00 9.878623711632746884e-01
1.212499999999999967e-01 3.445369610077164246e+00 9.880308974377317588e-01
1.214999999999999969e-01 3.454874304508732230e+00 9.881994237121888291e-01
1.217499999999999971e-01 3.285480770467941181e+00 9.883679499866457885e-01
1.219999999999999973e-01 3.495027642095179576e+00 9.885364762611028588e-01
1.222499999999999976e-01 3.431979908764185794e+00 9.887050025355599292e-01
1.224999999999999978e-01 3.268296659588293185e+00 9.888735288100168885e-01
1.227499999999999980e-01 3.242325417583118430e+00 9.890420550844739589e-01
1.229999999999999982e-01 3.383971783190899529e+00 9.892105813589310292e-01
1.232499999999999984e-01 3.478266786005302258e+00 9.893791076333879886e-01
1.234999999999999987e-01 3.482085666880935904e+00 9.895476339078450589e-01
1.237499999999999989e-01 3.426700055057651628e+00 9.897161601823021293e-01
1.240000000000000269e-01 3.394090106321843159e+00 9.898846864567591997e-01
1.242500000000000271e-01 3.445471651056272400e+00 9.900532127312161590e-01
1.245000000000000273e-01 3.296622433154493770e+00 9.902217390056732294e-01
1.247500000000000275e-01 3.576477999540296882e+00 9.903902652801301887e-01
1.250000000000000000e-01 3.576343414189227854e+00 9.905587915545872590e-01
1.252500000000000002e-01 3.440043635865726923e+00 9.907273178290443294e-01
1.255000000000000004e-01 3.415292208602675128e+00 9.908958441035012887e-01
1.257500000000000007e-01 3.348470090172251279e+00 9.910643703779583591e-01
1.260000000000000009e-01 3.453897987721190610e+00 9.912328966524154295e-01
1.262500000000000011e-01 3.318460731886238690e+00 9.914014229268723888e-01
1.265000000000000013e-01 3.147250124708303343e+00 9.915699492013294591e-01
1.267500000000000016e-01 3.092172899507655615e+00 9.917384754757865295e-01
1.270000000000000018e-01 3.307904219122879574e+00 9.919070017502434888e-01
1.272500000000000020e-01 3.416472046155884179e+00 9.920755280247005592e-01
1.275000000000000022e-01 3.437191218457782416e+00 9.922440542991576296e-01
1.277500000000000024e-01 3.344981809943165629e+00 9.924125805736145889e-01
1.280000000000000027e-01 3.417249975851324617e+00 9.925811068480716592e-01
1.282500000000000029e-01 3.370488683665883389e+00 9.927496331225287296e-01
1.285000000000000031e-01 3.288031208445340692e+00 9.929181593969856889e-01
1.287500000000000033e-01 3.397178450054829213e+00 9.930866856714427593e-01
1.290000000000000036e-01 3.497840351328843411e+00 9.932552119458998297e-01
1.292500000000000038e-01 3.294569618756966189e+00 9.934237382203567890e-01
1.295000000000000040e-01 3.295070026965892129e+00 9.935922644948138593e-01
1.297500000000000042e-01 3.282071422673413341e+00 9.937607907692709297e-01
1.300000000000000044e-01 3.181371193862904345e+00 9.939293170437278890e-01
1.302500000000000047e-01 3.351747876029217199e+00 9.940978433181849594e-01
1.305000000000000049e-01 3.492350323333719420e+00 9.942663695926420298e-01
1.307500000000000051e-01 3.429833105827871709e+00 9.944348958670989891e-01
1.310000000000000053e-01 3.390186558693697449e+00 9.946034221415560594e-01
1.312500000000000056e-01 3.426142927927835924e+00 9.947719484160131298e-01
1.315000000000000058e-01 3.353673984963052135e+00 9.949404746904700891e-01
1.317500000000000060e-01 3.180856106103802539e+00 9.951090009649271595e-01
1.320000000000000062e-01 3.506535898321343492e+00 9.952775272393842299e-01
1.322500000000000064e-01 3.541886739180320820e+00 9.954460535138411892e-01
1.325000000000000067e-01 3.327351627897698449e+00 9.956145797882982595e-01
1.327500000000000069e-01 3.397232745671507903e+00 9.957831060627553299e-01
1.330000000000000071e-01 3.387542482621104689e+00 9.959516323372122892e-01
1.332500000000000073e-01 3.459288157327487401e+00 9.961201586116693596e-01
1.335000000000000075e-01 3.622328963157711357e+00 9.962886848861264300e-01
1.337500000000000078e-01 3.559224464552325884e+00 9.964572111605833893e-01
1.340000000000000080e-01 3.373143965418869072e+00 9.966257374350404596e-01
1.342500000000000082e-01 3.486060354916208581e+00 9.967942637094975300e-01
1.345000000000000084e-01 3.574172046320954532e+00 9.969627899839544893e-01
1.347500000000000087e-01 3.471420636826757722e+00 9.971313162584115597e-01
1.350000000000000089e-01 3.421425304058857808e+00 9.972998425328686301e-01
1.352500000000000369e-01 3.477810492767881012e+00 9.974683688073257004e-01
1.355000000000000371e-01 3.336394967012815904e+00 9.976368950817826597e-01
1.357500000000000373e-01 3.355016521391596118e+00 9.978054213562397301e-01
1.360000000000000375e-01 3.292478773654054613e+00 9.979739476306968005e-01
1.362500000000000100e-01 3.463990593152404429e+00 9.981424739051537598e-01
1.365000000000000102e-01 3.409946910824293020e+00 9.983110001796108302e-01
1.367500000000000104e-01 3.323828134938096923e+00 9.984795264540677895e-01
1.370000000000000107e-01 3.407189936605903302e+00 9.986480527285248598e-01
1.372500000000000109e-01 3.487870225730430818e+00 9.988165790029819302e-01
1.375000000000000111e-01 3.671509339962544693e+00 9.989851052774390006e-01
1.377500000000000113e-01 3.558391641411768447e+00 9.991536315518959599e-01
1.380000000000000115e-01 3.140261713408882827e+00 9.993221578263530303e-01
1.382500000000000118e-01 3.461985485642260052e+00 9.994906841008099896e-01
1.385000000000000120e-01 3.614934476055482460e+00 9.996592103752670599e-01
1.387500000000000122e-01 3.261409084346887699e+00 9.998277366497241303e-01
1.390000000000000124e-01 3.504525744792122754e+00 9.999962629241812007e-01
1.392500000000000127e-01 3.403855696610335269e+00 1.000164789198638271e+00
1.395000000000000129e-01 3.583701978251724540e+00 1.000333315473095119e+00
1.397500000000000131e-01 3.488160457628329603e+00 1.000501841747552190e+00
1.400000000000000133e-01 3.321674650012512497e+00 1.000670368022009260e+00
1.402500000000000135e-01 3.411061005462332485e+00 1.000838894296466330e+00
1.405000000000000138e-01 3.419431289856686984e+00 1.001007420570923401e+00
1.407499999999999862e-01 3.422520682860207941e+00 1.001175946845380249e+00
1.409999999999999865e-01 3.586281358343703207e+00 1.001344473119837319e+00
1.412499999999999867e-01 3.329175005908935780e+00 1.001512999394294390e+00
1.414999999999999869e-01 3.573139757332405519e+00 1.001681525668751460e+00
1.417499999999999871e-01 3.401505752416966732e+00 1.001850051943208531e+00
1.419999999999999873e-01 3.471849617428296675e+00 1.002018578217665601e+00
1.422499999999999876e-01 3.452535922691805315e+00 1.002187104492122671e+00
1.424999999999999878e-01 3.440710375526185860e+00 1.002355630766579520e+00
1.427499999999999880e-01 3.442505818789822314e+00 1.002524157041036590e+00
1.429999999999999882e-01 3.640358728979644631e+00 1.002692683315493660e+00
1.432499999999999885e-01 3.558940302772938491e+00 1.002861209589950731e+00
1.434999999999999887e-01 3.397571572051269140e+00 1.003029735864407801e+00
1.437499999999999889e-01 3.660933224970277511e+00 1.003198262138864649e+00
1.439999999999999891e-01 3.485041119989030101e+00 1.003366788413321720e+00
1.442499999999999616e-01 3.497099486067031915e+00 1.003535314687778790e+00
1.444999999999999618e-01 3.335268115705256609e+00 1.003703840962235860e+00
1.447499999999999620e-01 3.382049933642720774e+00 1.003872367236692931e+00
1.449999999999999900e-01 3.356440418021248373e+00 1.004040893511150001e+00
1.452499999999999902e-01 3.463147017839944830e+00 1.004209419785607071e+00
1.454999999999999905e-01 3.539885002299353101e+00 1.004377946060063920e+00
1.457499999999999907e-01 3.503365318125048589e+00 1.004546472334520990e+00
1.459999999999999909e-01 3.672940683044929600e+00 1.004714998608978060e+00
1.462499999999999911e-01 3.331095157219028380e+00 1.004883524883435131e+00
1.464999999999999913e-01 3.470774361470335911e+00 1.005052051157892201e+00
1.467499999999999916e-01 3.276808884134041033e+00 1.005220577432349272e+00
1.469999999999999918e-01 3.327466466191500327e+00 1.005389103706806120e+00
1.472499999999999920e-01 3.633926979312051220e+00 1.005557629981263190e+00
1.474999999999999922e-01 3.392572985841246780e+00 1.005726156255720261e+00
1.477499999999999925e-01 3.345228509261536587e+00 1.005894682530177331e+00
1.479999999999999927e-01 3.158493340634715540e+00 1.006063208804634401e+00
1.482499999999999929e-01 3.344618378585797025e+00 1.006231735079091472e+00
1.484999999999999931e-01 3.431225449026231278e+00 1.006400261353548320e+00
1.487499999999999933e-01 3.268081044041415417e+00 1.006568787628005390e+00
1.489999999999999936e-01 3.424254824965426103e+00 1.006737313902462461e+00
1.492499999999999938e-01 3.643893529628598582e+00 1.006905840176919531e+00
1.494999999999999940e-01 3.361773231096300218e+00 1.007074366451376601e+00
1.497499999999999942e-01 3.328307845830344114e+00 1.007242892725833672e+00
1.499999999999999944e-01 3.302668037335338980e+00 1.007411419000290520e+00
1.502499999999999947e-01 3.300366248176106243e+00 1.007579945274747590e+00
1.504999999999999949e-01 3.543259084919800905e+00 1.007748471549204661e+00
1.507499999999999951e-01 3.473524515505781007e+00 1.007916997823661731e+00
1.509999999999999953e-01 3.606243904517443255e+00 1.008085524098118801e+00
1.512499999999999956e-01 3.762178097742207239e+00 1.008254050372575872e+00
1.514999999999999958e-01 3.201086412725262509e+00 1.008422576647032720e+00
1.517499999999999960e-01 3.524838090032415661e+00 1.008591102921489790e+00
1.519999999999999962e-01 3.305610049906941406e+00 1.008759629195946861e+00
1.522499999999999964e-01 3.586634097915632591e+00 1.008928155470403931e+00
1.524999999999999967e-01 3.431072522992518081e+00 1.009096681744861002e+00
1.527499999999999969e-01 3.475905890567188905e+00 1.009265208019318072e+00
1.529999999999999971e-01 3.282268026580549058e+00 1.009433734293774920e+00
1.532499999999999973e-01 3.409819657980874386e+00 1.009602260568231991e+00
1.534999999999999976e-01 3.487235046911561387e+00 1.009770786842689061e+00
1.537499999999999978e-01 3.677108272061500926e+00 1.009939313117146131e+00
1.539999999999999980e-01 3.356230640805739629e+00 1.010107839391603202e+00
1.542499999999999982e-01 3.393212639086898630e+00 1.010276365666060272e+00
1.544999999999999984e-01 3.618637222459808900e+00 1.010444891940517120e+00
1.547499999999999987e-01 3.347579802708157803e+00 1.010613418214974191e+00
1.549999999999999989e-01 3.650616865642387854e+00 1.010781944489431261e+00
1.552499999999999991e-01 3.477157690500600307e+00 1.010950470763888331e+00
1.554999999999999993e-01 3.525257923167959273e+00 1.011118997038345402e+00
1.557499999999999996e-01 3.535841155141059566e+00 1.011287523312802472e+00
1.559999999999999998e-01 3.386427152548167729e+00 1.011456049587259320e+00
1.562500000000000000e-01 3.540857480518864620e+00 1.011624575861716391e+00
1.565000000000000002e-01 3.363330056993932615e+00 1.011793102136173461e+00
1.567500000000000004e-01 3.405270162933180966e+00 1.011961628410630532e+00
1.570000000000000007e-01 3.569293208596039602e+00 1.012130154685087602e+00
1.572500000000000009e-01 3.529155839140388551e+00 1.012298680959544672e+00
1.575000000000000011e-01 3.472853065996467592e+00 1.012467207234001521e+00
1.577500000000000013e-01 3.289642736511458221e+00 1.012635733508458591e+00
1.580000000000000016e-01 3.328677839488936918e+00 1.012804259782915661e+00
1.582500000000000018e-01 3.529609017666963666e+00 1.012972786057372732e+00
1.585000000000000020e-01 3.601604690336455139e+00 1.013141312331829802e+00
1.587500000000000022e-01 3.313744199029823978e+00 1.013309838606286872e+00
1.590000000000000024e-01 3.356386505364236772e+00 1.013478364880743721e+00
1.592500000000000027e-01 3.510175156680328978e+00 1.013646891155200791e+00
1.595000000000000029e-01 3.507495704618106114e+00 1.013815417429657861e+00
1.597500000000000031e-01 3.233254531967032275e+00 1.013983943704114932e+00
1.600000000000000033e-01 3.516616430331730214e+00 1.014152469978572002e+00
1.602500000000000036e-01 3.396450639815248085e+00 1.014320996253029072e+00
1.605000000000000038e-01 3.753916014862488826e+00 1.014489522527485921e+00
1.607500000000000040e-01 3.532743216527442165e+00 1.014658048801942991e+00
1.610000000000000042e-01 3.561079717504352260e+00 1.014826575076400061e+00
1.612500000000000044e-01 3.566039917842737328e+00 1.014995101350857132e+00
1.615000000000000047e-01 3.299459278655338501e+00 1.015163627625314202e+00
1.617500000000000049e-01 3.809107589120952930e+00 1.015332153899771273e+00
1.620000000000000051e-01 3.233677404157239810e+00 1.015500680174228121e+00
1.622500000000000053e-01 3.625753682609150985e+00 1.015669206448685191e+00
1.625000000000000056e-01 3.597931585991014813e+00 1.015837732723142262e+00
1.627500000000000058e-01 3.420362497332589680e+00 1.016006258997599332e+00
1.630000000000000060e-01 3.607482598277486296e+00 1.016174785272056402e+00
1.632500000000000062e-01 3.447359176301396655e+00 1.016343311546513473e+00
1.635000000000000064e-01 3.389174758586633196e+00 1.016511837820970321e+00
1.637500000000000067e-01 3.577790149485532201e+00 1.016680364095427391e+00
1.640000000000000069e-01 3.335365616248598286e+00 1.016848890369884462e+00
1.642500000000000071e-01 3.464823894611373412e+00 1.017017416644341532e+00
1.645000000000000073e-01 3.404128362866472912e+00 1.017185942918798602e+00
1.647500000000000075e-01 3.447376452913597511e+00 1.017354469193255673e+00
1.650000000000000078e-01 3.575734764483779582e+00 1.017522995467712521e+00
1.652500000000000080e-01 3.405301878771711532e+00 1.017691521742169591e+00
1.655000000000000082e-01 3.472883224763694265e+00 1.017860048016626662e+00
1.657500000000000084e-01 3.421378393504471926e+00 1.018028574291083732e+00
1.660000000000000087e-01 3.748692838249403358e+00 1.018197100565540802e+00
1.662500000000000089e-01 3.564555674319959788e+00 1.018365626839997873e+00
1.665000000000000091e-01 3.544648142753994868e+00 1.018534153114454721e+00
1.667500000000000093e-01 3.623686803184742455e+00 1.018702679388911791e+00
1.670000000000000095e-01 3.408115441531621048e+00 1.018871205663368862e+00
1.672500000000000098e-01 3.655331795373184089e+00 1.019039731937825932e+00
1.675000000000000100e-01 3.568956265887178958e+00 1.019208258212283003e+00
1.677500000000000102e-01 3.244351577240969231e+00 1.019376784486740073e+00
1.680000000000000104e-01 3.267080842392800832e+00 1.019545310761197143e+00
1.682500000000000107e-01 3.413808627968101916e+00 1.019713837035653992e+00
1.685000000000000109e-01 3.285586170620267588e+00 1.019882363310111062e+00
1.687500000000000111e-01 3.472109749366782072e+00 1.020050889584568132e+00
1.690000000000000113e-01 3.338811076045653969e+00 1.020219415859025203e+00
1.692500000000000115e-01 3.497470278898395790e+00 1.020387942133482273e+00
1.695000000000000118e-01 3.759727479872128075e+00 1.020556468407939121e+00
1.697500000000000120e-01 3.507027246097507156e+00 1.020724994682396192e+00
1.700000000000000122e-01 3.463460357925931543e+00 1.020893520956853262e+00
1.702500000000000124e-01 3.584604730662855232e+00 1.021062047231310332e+00
1.705000000000000127e-01 3.395616029960597526e+00 1.021230573505767403e+00
1.707500000000000129e-01 3.665951067486787007e+00 1.021399099780224473e+00
1.710000000000000131e-01 3.605705962728964931e+00 1.021567626054681543e+00
1.712500000000000133e-01 3.526134838567860363e+00 1.021736152329138392e+00
1.715000000000000135e-01 3.547142436316807590e+00 1.021904678603595462e+00
1.717500000000000138e-01 3.881765810002375083e+00 1.022073204878052533e+00
1.719999999999999862e-01 3.688223609723068730e+00 1.022241731152509603e+00
1.722499999999999865e-01 3.912657820494628069e+00 1.022410257426966673e+00
1.724999999999999867e-01 3.617108860011233773e+00 1.022578783701423522e+00
1.727499999999999869e-01 3.260196758756761959e+00 1.022747309975880592e+00
1.729999999999999871e-01 3.476638018546188924e+00 1.022915836250337662e+00
1.732499999999999873e-01 3.219247134110136521e+00 1.023084362524794733e+00
1.734999999999999876e-01 3.619716800126752787e+00 1.023252888799251803e+00
1.737499999999999878e-01 3.659642174367576217e+00 1.023421415073708873e+00
1.739999999999999880e-01 3.366021764961801388e+00 1.023589941348165722e+00
1.742499999999999882e-01 3.407935422375869550e+00 1.023758467622622792e+00
1.744999999999999885e-01 3.554148389081298820e+00 1.023926993897079862e+00
1.747499999999999887e-01 3.310012814220309796e+00 1.024095520171536933e+00
1.749999999999999889e-01 3.296456324978041863e+00 1.024264046445994003e+00
1.752499999999999891e-01 3.755102824251468796e+00 1.024432572720451073e+00
1.754999999999999893e-01 3.550560590693319085e+00 1.024601098994907922e+00
1.757499999999999896e-01 3.427826590508874283e+00 1.024769625269364992e+00
1.759999999999999620e-01 3.219786851986900178e+00 1.024938151543822062e+00
1.762499999999999900e-01 3.688357214472353540e+00 1.025106677818279133e+00
1.764999999999999902e-01 3.405600445673107934e+00 1.025275204092736203e+00
1.767499999999999905e-01 3.876787823663400800e+00 1.025443730367193274e+00
1.769999999999999907e-01 3.692475046635008695e+00 1.025612256641650122e+00
1.772499999999999909e-01 3.383573241454507663e+00 1.025780782916107192e+00
1.774999999999999911e-01 3.401093321096601230e+00 1.025949309190564263e+00
1.777499999999999913e-01 3.856291603664515844e+00 1.026117835465021333e+00
1.779999999999999916e-01 3.519757816346000379e+00 1.026286361739478403e+00
1.782499999999999918e-01 3.439884007339132133e+00 1.026454888013935474e+00
1.784999999999999920e-01 3.541906818312934746e+00 1.026623414288392322e+00
1.787499999999999922e-01 3.439774404486775961e+00 1.026791940562849392e+00
1.789999999999999925e-01 3.583360271278479114e+00 1.026960466837306463e+00
1.792499999999999927e-01 3.524124928174058979e+00 1.027128993111763533e+00
1.794999999999999929e-01 3.704975032773203392e+00 1.027297519386220603e+00
1.797499999999999931e-01 3.465834076076753867e+00 1.027466045660677674e+00
1.799999999999999933e-01 3.371801542872176150e+00 1.027634571935134522e+00
1.802499999999999936e-01 3.474234421326333422e+00 1.027803098209591592e+00
1.804999999999999938e-01 3.473507613079846124e+00 1.027971624484048663e+00
1.807499999999999940e-01 3.527118713791775662e+00 1.028140150758505733e+00
1.809999999999999942e-01 3.664389664192442275e+00 1.028308677032962803e+00
1.812499999999999944e-01 3.654723019993988853e+00 1.028477203307419874e+00
1.814999999999999947e-01 3.775055169920686460e+00 1.028645729581876722e+00
1.817499999999999949e-01 3.387476005537523260e+00 1.028814255856333792e+00
1.819999999999999951e-01 3.620161018364420169e+00 1.028982782130790863e+00
1.822499999999999953e-01 3.686619917153167947e+00 1.029151308405247933e+00
1.824999999999999956e-01 3.414895017121543308e+00 1.029319834679705004e+00
1.827499999999999958e-01 3.506139433795584459e+00 1.029488360954162074e+00
1.829999999999999960e-01 3.205342713810832134e+00 1.029656887228619144e+00
1.832499999999999962e-01 3.725292352074285773e+00 1.029825413503075993e+00
1.834999999999999964e-01 3.506062126506598542e+00 1.029993939777533063e+00
1.837499999999999967e-01 3.707485713184472065e+00 1.030162466051990133e+00
1.839999999999999969e-01 3.590083433590834705e+00 1.030330992326447204e+00
1.842499999999999971e-01 3.513499976570753081e+00 1.030499518600904274e+00
1.844999999999999973e-01 3.235470481213181593e+00 1.030668044875361122e+00
1.847499999999999976e-01 3.270635138049958535e+00 1.030836571149818193e+00
1.849999999999999978e-01 3.036488332500026477e+00 1.031005097424275263e+00
1.852499999999999980e-01 3.440308787274439783e+00 1.031173623698732333e+00
1.854999999999999982e-01 4.007554087046820257e+00 1.031342149973189404e+00
1.857499999999999984e-01 3.295916829132543580e+00 1.031510676247646474e+00
1.859999999999999987e-01 3.026696556669951743e+00 1.031679202522103544e+00
1.862499999999999989e-01 3.747949820867384929e+00 1.031847728796560393e+00
1.864999999999999991e-01 4.030894370277820826e+00 1.032016255071017463e+00
1.867499999999999993e-01 3.615833966455815229e+00 1.032184781345474534e+00
1.869999999999999996e-01 3.614668795559433434e+00 1.032353307619931604e+00
1.872499999999999998e-01 3.494116465123207060e+00 1.032521833894388674e+00
1.875000000000000000e-01 3.193277368977766706e+00 1.032690360168845523e+00
1.877500000000000002e-01 3.262946305962831417e+00 1.032858886443302593e+00
1.880000000000000004e-01 3.494007033726072464e+00 1.033027412717759663e+00
1.882500000000000007e-01 3.455278579156192187e+00 1.033195938992216734e+00
1.885000000000000009e-01 3.536115809151286538e+00 1.033364465266673804e+00
1.887500000000000011e-01 3.730345742719760160e+00 1.033532991541130874e+00
1.890000000000000013e-01 3.441221173374222619e+00 1.033701517815587945e+00
1.892500000000000016e-01 3.736376773480735380e+00 1.033870044090044793e+00
1.895000000000000018e-01 3.443188217456835787e+00 1.034038570364501863e+00
1.897500000000000020e-01 3.777215262248585503e+00 1.034207096638958934e+00
1.900000000000000022e-01 3.580938239593523420e+00 1.034375622913416004e+00
1.902500000000000024e-01 3.473076868052792587e+00 1.034544149187873074e+00
1.905000000000000027e-01 3.578570356567511990e+00 1.034712675462329923e+00
1.907500000000000029e-01 3.503484544051320704e+00 1.034881201736786993e+00
1.910000000000000031e-01 3.588900417604518278e+00 1.035049728011244063e+00
1.912500000000000033e-01 3.724573065283004691e+00 1.035218254285701134e+00
1.915000000000000036e-01 3.548059379948930392e+00 1.035386780560158204e+00
1.917500000000000038e-01 3.489196989334134802e+00 1.035555306834615275e+00
1.920000000000000040e-01 3.330711442401335098e+00 1.035723833109072345e+00
1.922500000000000042e-01 3.690314202353143891e+00 1.035892359383529193e+00
1.925000000000000044e-01 3.642257319202431898e+00 1.036060885657986264e+00
1.927500000000000047e-01 3.318501702049664548e+00 1.036229411932443334e+00
1.930000000000000049e-01 3.747178522461564132e+00 1.036397938206900404e+00
1.932500000000000051e-01 3.315105849154188711e+00 1.036566464481357475e+00
1.935000000000000053e-01 3.790334758440990548e+00 1.036734990755814323e+00
1.937500000000000056e-01 3.718354988925106408e+00 1.036903517030271393e+00
1.940000000000000058e-01 3.661748104971743079e+00 1.037072043304728464e+00
1.942500000000000060e-01 3.491464516894867920e+00 1.037240569579185534e+00
1.945000000000000062e-01 3.696785880502216681e+00 1.037409095853642604e+00
1.947500000000000064e-01 3.805480905992707275e+00 1.037577622128099675e+00
1.950000000000000067e-01 3.701958040653705595e+00 1.037746148402556745e+00
1.952500000000000069e-01 3.429505029402193816e+00 1.037914674677013593e+00
1.955000000000000071e-01 3.633094823157259956e+00 1.038083200951470664e+00
1.957500000000000073e-01 3.821642673257725775e+00 1.038251727225927734e+00
1.960000000000000075e-01 4.055034908224753210e+00 1.038420253500384804e+00
1.962500000000000078e-01 3.531947491097052083e+00 1.038588779774841875e+00
1.965000000000000080e-01 3.764824770780164975e+00 1.038757306049298723e+00
1.967500000000000082e-01 3.826339738808538282e+00 1.038925832323755793e+00
1.970000000000000084e-01 3.399995275559128061e+00 1.039094358598212864e+00
1.972500000000000087e-01 3.970871837566422258e+00 1.039262884872669934e+00
1.975000000000000089e-01 3.344628929819470020e+00 1.039431411147127005e+00
1.977500000000000091e-01 3.758614553577414252e+00 1.039599937421584075e+00
1.980000000000000093e-01 3.648046597159746440e+00 1.039768463696041145e+00
1.982500000000000095e-01 3.593335788785009477e+00 1.039936989970497994e+00
1.985000000000000098e-01 4.147443658314219128e+00 1.040105516244955064e+00
1.987500000000000100e-01 3.515004544069125103e+00 1.040274042519412134e+00
1.990000000000000102e-01 3.511811718946623806e+00 1.040442568793869205e+00
1.992500000000000104e-01 3.880779132053426395e+00 1.040611095068326275e+00
1.995000000000000107e-01 3.754305964383128913e+00 1.040779621342783345e+00
1.997500000000000109e-01 3.871951774591868123e+00 1.040948147617240194e+00
2.000000000000000111e-01 3.611011528902027035e+00 1.041116673891697264e+00
2.002500000000000113e-01 3.656676474994215109e+00 1.041285200166154334e+00
2.005000000000000115e-01 4.014993535017516990e+00 1.041453726440611405e+00
2.007500000000000118e-01 3.397186743544946985e+00 1.041622252715068475e+00
2.010000000000000120e-01 3.563517196203002335e+00 1.041790778989525545e+00
2.012500000000000122e-01 3.768681163496443887e+00 1.041959305263982394e+00
2.015000000000000124e-01 3.543312297343165440e+00 1.042127831538439464e+00
2.017500000000000127e-01 3.458393392271341682e+00 1.042296357812896535e+00
2.020000000000000129e-01 3.730260937788043130e+00 1.042464884087353605e+00
2.022500000000000131e-01 3.895297869381233458e+00 1.042633410361810675e+00
2.025000000000000133e-01 3.557674014642324245e+00 1.042801936636267746e+00
2.027500000000000135e-01 3.551751818235949543e+00 1.042970462910724594e+00
2.030000000000000138e-01 3.441851536046791615e+00 1.043138989185181664e+00
2.032499999999999862e-01 3.523242279718350023e+00 1.043307515459638735e+00
2.034999999999999865e-01 3.842625953405784944e+00 1.043476041734095805e+00
2.037499999999999867e-01 3.611365460445372655e+00 1.043644568008552875e+00
2.039999999999999869e-01 3.406231074019322680e+00 1.043813094283009946e+00
2.042499999999999871e-01 3.654645747140772727e+00 1.043981620557466794e+00
2.044999999999999873e-01 3.839125154229072745e+00 1.044150146831923864e+00
2.047499999999999876e-01 3.463445706620486675e+00 1.044318673106380935e+00
2.049999999999999878e-01 3.284312164669795919e+00 1.044487199380838005e+00
2.052499999999999880e-01 4.109284616418034553e+00 1.044655725655295075e+00
2.054999999999999882e-01 3.272394798886321343e+00 1.044824251929751924e+00
2.057499999999999885e-01 3.512216957150038343e+00 1.044992778204208994e+00
2.059999999999999887e-01 3.651965209236963883e+00 1.045161304478666064e+00
2.062499999999999889e-01 3.533371961319132115e+00 1.045329830753123135e+00
2.064999999999999891e-01 3.580517101008919401e+00 1.045498357027580205e+00
2.067499999999999893e-01 3.735585645965398438e+00 1.045666883302037276e+00
2.069999999999999896e-01 3.030862108951652534e+00 1.045835409576494346e+00
2.072499999999999898e-01 3.298109701883956468e+00 1.046003935850951194e+00
2.074999999999999900e-01 3.610851677096356127e+00 1.046172462125408265e+00
2.077499999999999902e-01 3.504174051659310063e+00 1.046340988399865335e+00
2.079999999999999905e-01 3.632304190149887813e+00 1.046509514674322405e+00
2.082499999999999907e-01 3.656447299993600630e+00 1.046678040948779476e+00
2.084999999999999909e-01 3.093571382128920355e+00 1.046846567223236324e+00
2.087499999999999911e-01 3.909655572151375935e+00 1.047015093497693394e+00
2.089999999999999913e-01 3.483067109987883381e+00 1.047183619772150465e+00
2.092499999999999916e-01 3.394526097494651840e+00 1.047352146046607535e+00
2.094999999999999918e-01 3.654828749515420139e+00 1.047520672321064605e+00
2.097499999999999920e-01 3.630862399898319381e+00 1.047689198595521676e+00
2.099999999999999922e-01 3.896431062510095966e+00 1.047857724869978746e+00
2.102499999999999925e-01 3.672109416045471253e+00 1.048026251144435594e+00
2.104999999999999927e-01 3.889135326283793770e+00 1.048194777418892665e+00
2.107499999999999929e-01 3.377335638310470678e+00 1.048363303693349735e+00
2.109999999999999931e-01 3.642127185662910271e+00 1.048531829967806805e+00
2.112499999999999933e-01 3.334092022178316572e+00 1.048700356242263876e+00
2.114999999999999936e-01 3.632387467513167323e+00 1.048868882516720724e+00
2.117499999999999938e-01 3.580677795095943416e+00 1.049037408791177794e+00
2.119999999999999940e-01 3.570498668278279109e+00 1.049205935065634865e+00
2.122499999999999942e-01 3.573091947018902204e+00 1.049374461340091935e+00
2.124999999999999944e-01 3.792923442596773498e+00 1.049542987614549006e+00
2.127499999999999947e-01 3.211554220132262660e+00 1.049711513889006076e+00
2.129999999999999949e-01 3.387392631164379164e+00 1.049880040163463146e+00
2.132499999999999951e-01 3.601713210897278916e+00 1.050048566437919995e+00
2.134999999999999953e-01 3.317857370691283947e+00 1.050217092712377065e+00
2.137499999999999956e-01 3.624360226953359021e+00 1.050385618986834135e+00
2.139999999999999958e-01 3.600557631196387831e+00 1.050554145261291206e+00
2.142499999999999960e-01 3.261101203539986226e+00 1.050722671535748276e+00
2.144999999999999962e-01 3.248487448944062272e+00 1.050891197810205124e+00
2.147499999999999964e-01 2.953047091907159860e+00 1.051059724084662195e+00
2.149999999999999967e-01 3.306832131042656275e+00 1.051228250359119265e+00
2.152499999999999969e-01 3.619391304210278548e+00 1.051396776633576335e+00
2.154999999999999971e-01 3.655869493454689589e+00 1.051565302908033406e+00
2.157499999999999973e-01 3.668048691768841518e+00 1.051733829182490476e+00
2.159999999999999976e-01 3.419176950396728198e+00 1.051902355456947546e+00
2.162499999999999978e-01 3.613049163091619054e+00 1.052070881731404395e+00
2.164999999999999980e-01 3.719721297061238552e+00 1.052239408005861465e+00
2.167499999999999982e-01 3.294032833978027597e+00 1.052407934280318536e+00
2.169999999999999984e-01 3.650811322814456084e+00 1.052576460554775606e+00
2.172499999999999987e-01 3.788371595754236765e+00 1.052744986829232676e+00
2.174999999999999989e-01 3.493783917743992440e+00 1.052913513103689747e+00
2.177499999999999991e-01 3.894637338809479932e+00 1.053082039378146595e+00
2.179999999999999993e-01 3.500308947811149096e+00 1.053250565652603665e+00
2.182499999999999996e-01 3.398907111253461011e+00 1.053419091927060736e+00
2.184999999999999998e-01 3.766521352984268933e+00 1.053587618201517806e+00
2.187500000000000000e-01 4.150980465978701517e+00 1.053756144475974876e+00
2.190000000000000002e-01 3.645260502994064122e+00 1.053924670750431947e+00
2.192500000000000004e-01 3.789134911948340179e+00 1.054093197024888795e+00
2.195000000000000007e-01 3.491048956556681127e+00 1.054261723299345865e+00
2.197500000000000009e-01 3.299390824603388950e+00 1.054430249573802936e+00
2.200000000000000011e-01 3.668565923212449675e+00 1.054598775848260006e+00
2.202500000000000013e-01 3.710681079771290580e+00 1.054767302122717076e+00
2.205000000000000016e-01 3.531676029929605054e+00 1.054935828397174147e+00
2.207500000000000018e-01 3.792836181209311874e+00 1.055104354671630995e+00
2.210000000000000020e-01 3.454015016226103185e+00 1.055272880946088065e+00
2.212500000000000022e-01 3.388513044924697404e+00 1.055441407220545136e+00
2.215000000000000024e-01 3.909124655060054465e+00 1.055609933495002206e+00
2.217500000000000027e-01 3.911366961601005610e+00 1.055778459769459277e+00
2.220000000000000029e-01 3.459887842033556371e+00 1.055946986043916347e+00
2.222500000000000031e-01 4.087644026145881959e+00 1.056115512318373195e+00
2.225000000000000033e-01 3.552988871917776681e+00 1.056284038592830266e+00
2.227500000000000036e-01 3.652866684417197529e+00 1.056452564867287336e+00
2.230000000000000038e-01 3.607941628408589008e+00 1.056621091141744406e+00
2.232500000000000040e-01 3.771827506618435244e+00 1.056789617416201477e+00
2.235000000000000042e-01 3.704636927595295948e+00 1.056958143690658547e+00
2.237500000000000044e-01 3.701610372885596689e+00 1.057126669965115617e+00
2.240000000000000047e-01 3.357097566804889688e+00 1.057295196239572466e+00
2.242500000000000049e-01 3.176009838438767829e+00 1.057463722514029536e+00
2.245000000000000051e-01 3.943124171322142324e+00 1.057632248788486606e+00
2.247500000000000053e-01 3.485768637865336306e+00 1.057800775062943677e+00
2.250000000000000056e-01 3.621045818772789637e+00 1.057969301337400747e+00
2.252500000000000058e-01 3.723942313736078980e+00 1.058137827611857595e+00
2.255000000000000060e-01 4.080208564195393350e+00 1.058306353886314666e+00
2.257500000000000062e-01 3.679930878145057704e+00 1.058474880160771736e+00
2.260000000000000064e-01 3.528034430204945782e+00 1.058643406435228806e+00
2.262500000000000067e-01 3.492948466886844461e+00 1.058811932709685877e+00
2.265000000000000069e-01 3.626896340965308774e+00 1.058980458984142947e+00
2.267500000000000071e-01 3.387024635681140872e+00 1.059148985258600018e+00
2.270000000000000073e-01 3.646068480905189535e+00 1.059317511533056866e+00
2.272500000000000075e-01 3.624169265632248838e+00 1.059486037807513936e+00
2.275000000000000078e-01 4.093858168499849626e+00 1.059654564081971007e+00
2.277500000000000080e-01 3.616270767505676886e+00 1.059823090356428077e+00
2.280000000000000082e-01 3.104768020144992757e+00 1.059991616630885147e+00
2.282500000000000084e-01 4.385191329115894376e+00 1.060160142905341996e+00
2.285000000000000087e-01 3.907890112158321383e+00 1.060328669179799066e+00
2.287500000000000089e-01 4.223505151282400227e+00 1.060497195454256136e+00
2.290000000000000091e-01 3.317615790684413479e+00 1.060665721728713207e+00
2.292500000000000093e-01 3.579980595413730260e+00 1.060834248003170277e+00
2.295000000000000095e-01 3.832247561586461515e+00 1.061002774277627347e+00
2.297500000000000098e-01 3.794178927273027302e+00 1.061171300552084418e+00
2.300000000000000100e-01 3.730174839174407175e+00 1.061339826826541266e+00
2.302500000000000102e-01 3.022425503572136130e+00 1.061508353100998336e+00
2.305000000000000104e-01 3.159691047391408603e+00 1.061676879375455407e+00
2.307500000000000107e-01 4.075335224219817754e+00 1.061845405649912477e+00
2.310000000000000109e-01 4.127073005167333442e+00 1.062013931924369547e+00
2.312500000000000111e-01 3.615496298259224695e+00 1.062182458198826396e+00
2.315000000000000113e-01 4.042754705603615939e+00 1.062350984473283466e+00
2.317500000000000115e-01 3.354482321074833795e+00 1.062519510747740537e+00
2.320000000000000118e-01 3.419883386667059710e+00 1.062688037022197607e+00
2.322500000000000120e-01 3.331682769157209734e+00 1.062856563296654677e+00
2.325000000000000122e-01 3.404039180174145418e+00 1.063025089571111748e+00
2.327500000000000124e-01 3.856445411654563227e+00 1.063193615845568818e+00
2.330000000000000127e-01 3.400487418597815115e+00 1.063362142120025666e+00
2.332500000000000129e-01 4.296025734778583072e+00 1.063530668394482737e+00
2.335000000000000131e-01 3.782940814050400835e+00 1.063699194668939807e+00
2.337500000000000133e-01 3.964530120695564985e+00 1.063867720943396877e+00
2.340000000000000135e-01 3.792970559257507812e+00 1.064036247217853948e+00
2.342500000000000138e-01 4.004248280704758578e+00 1.064204773492310796e+00
2.344999999999999862e-01 3.398875029947503457e+00 1.064373299766767866e+00
2.347499999999999865e-01 4.074259194913239845e+00 1.064541826041224937e+00
2.349999999999999867e-01 3.693748822549728583e+00 1.064710352315682007e+00
2.352499999999999869e-01 4.007045120204892896e+00 1.064878878590139077e+00
2.354999999999999871e-01 3.231231880236135723e+00 1.065047404864596148e+00
2.357499999999999873e-01 3.706939494143033809e+00 1.065215931139052996e+00
2.359999999999999876e-01 3.697070692472105513e+00 1.065384457413510066e+00
2.362499999999999878e-01 3.472193084232598537e+00 1.065552983687967137e+00
2.364999999999999880e-01 3.747683452109292102e+00 1.065721509962424207e+00
2.367499999999999882e-01 4.111157866200044531e+00 1.065890036236881278e+00
2.369999999999999885e-01 3.449756328244617087e+00 1.066058562511338348e+00
2.372499999999999887e-01 3.942091640990585510e+00 1.066227088785795196e+00
2.374999999999999889e-01 3.321646533398796564e+00 1.066395615060252267e+00
2.377499999999999891e-01 4.285864149551892766e+00 1.066564141334709337e+00
2.379999999999999893e-01 3.891994393640425542e+00 1.066732667609166407e+00
2.382499999999999896e-01 4.174021020841800933e+00 1.066901193883623478e+00
2.384999999999999898e-01 3.859975196347618986e+00 1.067069720158080548e+00
2.387499999999999900e-01 3.776323144396783960e+00 1.067238246432537618e+00
2.389999999999999902e-01 3.897867638966057591e+00 1.067406772706994467e+00
2.392499999999999905e-01 3.618927959181443832e+00 1.067575298981451537e+00
2.394999999999999907e-01 3.172554071228109063e+00 1.067743825255908607e+00
2.397499999999999909e-01 3.796024124772172659e+00 1.067912351530365678e+00
2.399999999999999911e-01 3.432680648112129251e+00 1.068080877804822748e+00
2.402499999999999913e-01 3.327786486096894869e+00 1.068249404079279596e+00
2.404999999999999916e-01 3.855377281590188776e+00 1.068417930353736667e+00
2.407499999999999918e-01 3.577697193948758070e+00 1.068586456628193737e+00
2.409999999999999920e-01 3.976165863618422502e+00 1.068754982902650807e+00
2.412499999999999922e-01 3.422651503598272082e+00 1.068923509177107878e+00
2.414999999999999925e-01 3.519928466410323864e+00 1.069092035451564948e+00
2.417499999999999927e-01 4.016614651676050585e+00 1.069260561726022019e+00
2.419999999999999929e-01 3.750593856411499782e+00 1.069429088000478867e+00
2.422499999999999931e-01 3.211149836973572924e+00 1.069597614274935937e+00
2.424999999999999933e-01 3.744943968565865422e+00 1.069766140549393008e+00
2.427499999999999936e-01 4.122795670581671956e+00 1.069934666823850078e+00
2.429999999999999938e-01 3.518610662449466187e+00 1.070103193098307148e+00
2.432499999999999940e-01 3.851925699772976053e+00 1.070271719372763997e+00
2.434999999999999942e-01 3.404020009190313889e+00 1.070440245647221067e+00
2.437499999999999944e-01 3.625248200667704701e+00 1.070608771921678137e+00
2.439999999999999947e-01 4.007094957795480639e+00 1.070777298196135208e+00
2.442499999999999949e-01 3.736863696692851011e+00 1.070945824470592278e+00
2.444999999999999951e-01 4.071331954894018779e+00 1.071114350745049348e+00
2.447499999999999953e-01 3.802358324318456884e+00 1.071282877019506419e+00
2.449999999999999956e-01 4.364590320368343157e+00 1.071451403293963267e+00
2.452499999999999958e-01 3.179391810795153539e+00 1.071619929568420337e+00
2.454999999999999960e-01 3.602428305777606976e+00 1.071788455842877408e+00
2.457499999999999962e-01 3.329756360338896659e+00 1.071956982117334478e+00
2.459999999999999964e-01 3.351125528793637898e+00 1.072125508391791548e+00
2.462499999999999967e-01 3.353865463874555974e+00 1.072294034666248397e+00
2.464999999999999969e-01 3.725400786206009673e+00 1.072462560940705467e+00
2.467499999999999971e-01 3.744467859135821808e+00 1.072631087215162538e+00
2.469999999999999973e-01 3.808851004869996615e+00 1.072799613489619608e+00
2.472499999999999976e-01 3.316542916414213060e+00 1.072968139764076678e+00
2.474999999999999978e-01 3.570757805401658658e+00 1.073136666038533749e+00
2.477499999999999980e-01 3.366818106723790116e+00 1.073305192312990819e+00
2.479999999999999982e-01 3.973888278131817664e+00 1.073473718587447667e+00
2.482499999999999984e-01 3.396708628290430632e+00 1.073642244861904738e+00
2.484999999999999987e-01 3.607152032747657611e+00 1.073810771136361808e+00
2.487499999999999989e-01 3.856022722737005637e+00 1.073979297410818878e+00
2.489999999999999991e-01 3.478458693884401320e+00 1.074147823685275949e+00
2.492499999999999993e-01 3.900490191417865571e+00 1.074316349959732797e+00
2.494999999999999996e-01 4.192469671935024067e+00 1.074484876234189867e+00
2.497499999999999998e-01 3.739064450336957002e+00 1.074653402508646938e+00
2.500000000000000000e-01 3.970117522539173383e+00 1.074821928783104008e+00
