2.502502502502502481e-04 1.188967027606201154e-02
5.005005005005004962e-04 1.195911691360056726e-02
7.507507507507506358e-04 1.202856355113912298e-02
1.001001001001000992e-03 1.209801018867768044e-02
1.251251251251251240e-03 1.216745682621623616e-02
1.501501501501501272e-03 1.223690346375479188e-02
1.751751751751751737e-03 1.230635010129334760e-02
2.002002002002001551e-03 1.237579673883190332e-02
2.252252252252252233e-03 1.244524337637045903e-02
2.502502502502502481e-03 1.251469001390901475e-02
2.752752752752752729e-03 1.258413665144757221e-02
3.003003003003002543e-03 1.265358328898612793e-02
3.253253253253253225e-03 1.272302992652468365e-02
3.503503503503503473e-03 1.279247656406323937e-02
3.753753753753753721e-03 1.286192320160179509e-02
4.004004004004003969e-03 1.293136983914035081e-02
4.254254254254252916e-03 1.300081647667890652e-02
4.504504504504504465e-03 1.307026311421746398e-02
4.754754754754755147e-03 1.313970975175601970e-02
5.005005005005004962e-03 1.320915638929457542e-02
5.255255255255254776e-03 1.327860302683313114e-02
5.505505505505505458e-03 1.334804966437168686e-02
5.755755755755757007e-03 1.341749630191024431e-02
6.006006006006005087e-03 1.348694293944879830e-02
6.256256256256256636e-03 1.355638957698735575e-02
6.506506506506506450e-03 1.362583621452591147e-02
6.756756756756756264e-03 1.369528285206446719e-02
7.007007007007006946e-03 1.376472948960302291e-02
7.257257257257255893e-03 1.383417612714157863e-02
7.507507507507507442e-03 1.390362276468013608e-02
7.757757757757758992e-03 1.397306940221869180e-02
8.008008008008007939e-03 1.404251603975724752e-02
8.258258258258257753e-03 1.411196267729580324e-02
8.508508508508505833e-03 1.418140931483435896e-02
8.758758758758757382e-03 1.425085595237291468e-02
9.009009009009008931e-03 1.432030258991147040e-02
9.259259259259257011e-03 1.438974922745002612e-02
9.509509509509510294e-03 1.445919586498858357e-02
9.759759759759760109e-03 1.452864250252713929e-02
1.001001001001000992e-02 1.459808914006569501e-02
1.026026026026025974e-02 1.466753577760425073e-02
1.051051051051050955e-02 1.473698241514280645e-02
1.076076076076076110e-02 1.480642905268136217e-02
1.101101101101101092e-02 1.487587569021991962e-02
1.126126126126126073e-02 1.494532232775847361e-02
1.151151151151151228e-02 1.501476896529703106e-02
1.176176176176176036e-02 1.508421560283558678e-02
1.201201201201201364e-02 1.515366224037414250e-02
1.226226226226225999e-02 1.522310887791269822e-02
1.251251251251251327e-02 1.529255551545125394e-02
1.276276276276276482e-02 1.536200215298981139e-02
1.301301301301301290e-02 1.543144879052836711e-02
1.326326326326326271e-02 1.550089542806692283e-02
1.351351351351351253e-02 1.557034206560547855e-02
1.376376376376376234e-02 1.563978870314403427e-02
1.401401401401401389e-02 1.570923534068259173e-02
1.426426426426426197e-02 1.577868197822114571e-02
1.451451451451451179e-02 1.584812861575970316e-02
1.476476476476476507e-02 1.591757525329825715e-02
1.101101101101101126e-01 4.237674415548808859e-02
1.103603603603603434e-01 6.652980750710604796e-02
1.106106106106105880e-01 6.695641863411438965e-02
1.108608608608608603e-01 6.738302976112275910e-02
1.111111111111111049e-01 6.780964088813110080e-02
1.113613613613613634e-01 6.823625201513944249e-02
1.116116116116116080e-01 6.866286314214778419e-02
1.118618618618618527e-01 6.908947426915612589e-02
1.121121121121121250e-01 6.951608539616449534e-02
1.123623623623623557e-01 6.994269652317280928e-02
1.126126126126126004e-01 7.036930765018112321e-02
1.128628628628628450e-01 7.079591877718946491e-02
1.131131131131131312e-01 7.122252990419786212e-02
1.133633633633633481e-01 7.164914103120614830e-02
1.136136136136136066e-01 7.207575215821451775e-02
1.138638638638638512e-01 7.250236328522283169e-02
1.141141141141140958e-01 7.292897441223117339e-02
1.143643643643643543e-01 7.335558553923951508e-02
1.146146146146145989e-01 7.378219666624785678e-02
1.148648648648648296e-01 7.420880779325617072e-02
1.151151151151151297e-01 7.463541892026459568e-02
1.153653653653653466e-01 7.506203004727288186e-02
1.156156156156156189e-01 7.548864117428125131e-02
1.158658658658658497e-01 7.591525230128956525e-02
1.161161161161160943e-01 7.634186342829790695e-02
1.163663663663663805e-01 7.676847455530630415e-02
1.166166166166165974e-01 7.719508568231459034e-02
1.168668668668668975e-01 7.762169680932301530e-02
1.171171171171171282e-01 7.804830793633132924e-02
1.173673673673673729e-01 7.847491906333964318e-02
1.176176176176176313e-01 7.890153019034801263e-02
1.178678678678678482e-01 7.932814131735629881e-02
1.181181181181181067e-01 7.975475244436464051e-02
1.183683683683683513e-01 8.018136357137298220e-02
1.186186186186186237e-01 8.060797469838135165e-02
1.188688688688688683e-01 8.103458582538969335e-02
1.191191191191191268e-01 8.146119695239803504e-02
1.193693693693693714e-01 8.188780807940637674e-02
1.196196196196196299e-01 8.231441920641471843e-02
1.198698698698698745e-01 8.274103033342306013e-02
1.201201201201201468e-01 8.316764146043142958e-02
1.203703703703703498e-01 8.359425258743968801e-02
1.206206206206206222e-01 8.402086371444808521e-02
1.208708708708708807e-01 8.444747484145642691e-02
1.211211211211211253e-01 8.487408596846476860e-02
1.213713713713713560e-01 8.530069709547308254e-02
1.216216216216216006e-01 8.572730822248139648e-02
1.218718718718718730e-01 8.615391934948979369e-02
1.221221221221221037e-01 8.658053047649807987e-02
1.223723723723723483e-01 8.700714160350642157e-02
1.226226226226226207e-01 8.743375273051479102e-02
1.228728728728728792e-01 8.786036385752316047e-02
1.231231231231231238e-01 8.828697498453150216e-02
1.233733733733733962e-01 8.871358611153987161e-02
1.236236236236236269e-01 8.914019723854818555e-02
1.238738738738738993e-01 8.956680836555655500e-02
1.241241241241241300e-01 8.999341949256486894e-02
1.243743743743743746e-01 9.042003061957321064e-02
1.246246246246246053e-01 9.084664174658149682e-02
1.248748748748748777e-01 9.127325287358989403e-02
1.251251251251251362e-01 9.169986400059823572e-02
1.253753753753754085e-01 9.212647512760663293e-02
1.256256256256256254e-01 9.255308625461489136e-02
1.258758758758758700e-01 9.297969738162323305e-02
1.261261261261260869e-01 9.340630850863151924e-02
1.263763763763763870e-01 9.383291963563994420e-02
1.266266266266266594e-01 9.425953076264831365e-02
1.268768768768768762e-01 9.468614188965659983e-02
1.271271271271271208e-01 9.511275301666494153e-02
1.273773773773773377e-01 9.553936414367322771e-02
1.276276276276276378e-01 9.596597527068165268e-02
1.278778778778779102e-01 9.639258639769002213e-02
1.281281281281281270e-01 9.681919752469830831e-02
1.283783783783783716e-01 9.724580865170665001e-02
1.286286286286285885e-01 9.767241977871493619e-02
1.288788788788788886e-01 9.809903090572336115e-02
1.291291291291291332e-01 9.852564203273170285e-02
1.293793793793793501e-01 9.895225315973998903e-02
1.296296296296296224e-01 9.937886428674835848e-02
1.298798798798798393e-01 9.980547541375664466e-02
1.301301301301301117e-01 1.002320865407650141e-01
1.303803803803803840e-01 1.006586976677733836e-01
1.306306306306306286e-01 1.010853087947817253e-01
1.308808808808808732e-01 1.015119199217900670e-01
1.311311311311310901e-01 1.019385310487983531e-01
1.313813813813813902e-01 1.023651421758067781e-01
1.316316316316316626e-01 1.027917533028151476e-01
1.318818818818819072e-01 1.032183644298234892e-01
1.321321321321321240e-01 1.036449755568317754e-01
1.323823823823823687e-01 1.040715866838400894e-01
1.326326326326326133e-01 1.044981978108484311e-01
1.328828828828828856e-01 1.049248089378568005e-01
1.331331331331331025e-01 1.053514200648650867e-01
1.333833833833833471e-01 1.057780311918734284e-01
1.336336336336336195e-01 1.062046423188817978e-01
1.338838838838838641e-01 1.066312534458901395e-01
1.341341341341341087e-01 1.070578645728984812e-01
1.343843843843843811e-01 1.074844756999068507e-01
1.346346346346346257e-01 1.079110868269151924e-01
1.348848848848848980e-01 1.083376979539235618e-01
1.351351351351351149e-01 1.087643090809318480e-01
1.353853853853853872e-01 1.091909202079402175e-01
1.356356356356356874e-01 1.096175313349486424e-01
1.358858858858859042e-01 1.100441424619569286e-01
1.361361361361361488e-01 1.104707535889652703e-01
1.363863863863863934e-01 1.108973647159735842e-01
1.366366366366366381e-01 1.113239758429819259e-01
1.368868868868868827e-01 1.117505869699902676e-01
1.371371371371371273e-01 1.121771980969985816e-01
1.373873873873874274e-01 1.126038092240070065e-01
1.376376376376376165e-01 1.130304203510152650e-01
1.378878878878878889e-01 1.134570314780236344e-01
1.381381381381381057e-01 1.138836426050319206e-01
1.383883883883883503e-01 1.143102537320402623e-01
1.386386386386386504e-01 1.147368648590486873e-01
1.388888888888888673e-01 1.151634759860569734e-01
1.391391391391391119e-01 1.155900871130652874e-01
1.393893893893893565e-01 1.160166982400736291e-01
1.396396396396396011e-01 1.164433093670819430e-01
1.398898898898899013e-01 1.168699204940903957e-01
1.401401401401401181e-01 1.172965316210986542e-01
1.403903903903903905e-01 1.177231427481070514e-01
1.406406406406406628e-01 1.181497538751154208e-01
1.408908908908909074e-01 1.185763650021237625e-01
1.411411411411411521e-01 1.190029761291320765e-01
1.413913913913913967e-01 1.194295872561404181e-01
1.416416416416416135e-01 1.198561983831487043e-01
1.418918918918918859e-01 1.202828095101570738e-01
1.421421421421421027e-01 1.207094206371653600e-01
1.423923923923924029e-01 1.211360317641737849e-01
1.426426426426426475e-01 1.215626428911821266e-01
1.428928928928928643e-01 1.219892540181904128e-01
1.431431431431431367e-01 1.224158651451987823e-01
1.433933933933933813e-01 1.228424762722071240e-01
1.436436436436436537e-01 1.232690873992154934e-01
1.438938938938938983e-01 1.236956985262238351e-01
1.441441441441441151e-01 1.241223096532321213e-01
1.443943943943943875e-01 1.245489207802404907e-01
1.446446446446446599e-01 1.249755319072488879e-01
1.448948948948949045e-01 1.254021430342572019e-01
1.451451451451451491e-01 1.258287541612655436e-01
1.453953953953953937e-01 1.262553652882738575e-01
1.456456456456456383e-01 1.266819764152821992e-01
1.458958958958958829e-01 1.271085875422905409e-01
1.461461461461461830e-01 1.275351986692989659e-01
1.463963963963964277e-01 1.279618097963072798e-01
1.466466466466466445e-01 1.283884209233155660e-01
1.468968968968968891e-01 1.288150320503239077e-01
1.471471471471471337e-01 1.292416431773322216e-01
1.473973973973974061e-01 1.296682543043406466e-01
1.476476476476476507e-01 1.300948654313489605e-01
1.478978978978978953e-01 1.305214765583572745e-01
1.481481481481481122e-01 1.309480876853655884e-01
1.483983983983983845e-01 1.313746988123739579e-01
1.486486486486486569e-01 1.318013099393823273e-01
1.488988988988989015e-01 1.322279210663906412e-01
1.491491491491491461e-01 1.326545321933990107e-01
1.493993993993993907e-01 1.330811433204073246e-01
1.496496496496496353e-01 1.335077544474156386e-01
1.498998998998999077e-01 1.339343655744240080e-01
1.501501501501501523e-01 1.343609767014323775e-01
1.504004004004003692e-01 1.347875878284406359e-01
1.506506506506506138e-01 1.352141989554490054e-01
1.509009009009008861e-01 1.356408100824573748e-01
1.511511511511511863e-01 1.360674212094657998e-01
1.514014014014014031e-01 1.364940323364740582e-01
1.516516516516516477e-01 1.369206434634824276e-01
1.519019019019018923e-01 1.373472545904907416e-01
1.521521521521521370e-01 1.377738657174990555e-01
1.524024024024024093e-01 1.382004768445074250e-01
1.526526526526526539e-01 1.386270879715157944e-01
1.529029029029028708e-01 1.390536990985240529e-01
1.531531531531531432e-01 1.394803102255324223e-01
1.534034034034033878e-01 1.399069213525407918e-01
1.536536536536536879e-01 1.403335324795492167e-01
1.539039039039039047e-01 1.407601436065574751e-01
1.541541541541541493e-01 1.411867547335657891e-01
1.544044044044044217e-01 1.416133658605742141e-01
1.546546546546546386e-01 1.420399769875824725e-01
1.549049049049049387e-01 1.424665881145908974e-01
1.551551551551551833e-01 1.428931992415992114e-01
1.554054054054054002e-01 1.433198103686075253e-01
1.556556556556556448e-01 1.437464214956158393e-01
1.559059059059059171e-01 1.441730326226242087e-01
1.561561561561561617e-01 1.445996437496325782e-01
1.564064064064064064e-01 1.450262548766408921e-01
1.566566566566566510e-01 1.454528660036492060e-01
1.569069069069068678e-01 1.458794771306575200e-01
1.571571571571571402e-01 1.463060882576658894e-01
1.574074074074074125e-01 1.467326993846742589e-01
1.576576576576576294e-01 1.471593105116825728e-01
1.579079079079079018e-01 1.475859216386909423e-01
1.581581581581581464e-01 1.480125327656992562e-01
1.584084084084083632e-01 1.484391438927075701e-01
1.586586586586586634e-01 1.488657550197159951e-01
1.589089089089089080e-01 1.492923661467243091e-01
1.591591591591591803e-01 1.497189772737326785e-01
1.594094094094093972e-01 1.501455884007409924e-01
1.596596596596596418e-01 1.505721995277493064e-01
1.599099099099099142e-01 1.509988106547576758e-01
1.601601601601601588e-01 1.514254217817659898e-01
1.604104104104104034e-01 1.518520329087743592e-01
1.606606606606606480e-01 1.522786440357826732e-01
1.609109109109108926e-01 1.527052551627909871e-01
1.611611611611611372e-01 1.531318662897993566e-01
1.614114114114114096e-01 1.535584774168077260e-01
1.616616616616616264e-01 1.539850885438159844e-01
1.619119119119118710e-01 1.544116996708243539e-01
1.621621621621621712e-01 1.548383107978327788e-01
1.624124124124124158e-01 1.552649219248410928e-01
1.626626626626626604e-01 1.556915330518494067e-01
1.629129129129129050e-01 1.561181441788577762e-01
1.631631631631631218e-01 1.565447553058660346e-01
1.634134134134133942e-01 1.569713664328744041e-01
1.636636636636636388e-01 1.573979775598827735e-01
1.639139139139139112e-01 1.578245886868911430e-01
1.641641641641641558e-01 1.582511998138994569e-01
1.644144144144144004e-01 1.586778109409077708e-01
1.646646646646646728e-01 1.591044220679161958e-01
1.649149149149148896e-01 1.595310331949244542e-01
1.651651651651651620e-01 1.599576443219328237e-01
1.654154154154154066e-01 1.603842554489411931e-01
1.656656656656656235e-01 1.608108665759494516e-01
1.659159159159158958e-01 1.612374777029578210e-01
1.661661661661661404e-01 1.616640888299661905e-01
1.664164164164163850e-01 1.620906999569745044e-01
1.666666666666666297e-01 1.625173110839828183e-01
1.669169169169169020e-01 1.629439222109911878e-01
1.671671671671671744e-01 1.633705333379996127e-01
1.674174174174173912e-01 1.637971444650078712e-01
1.676676676676676636e-01 1.642237555920162406e-01
1.679179179179179082e-01 1.646503667190246101e-01
1.681681681681681528e-01 1.650769778460329240e-01
1.684184184184184252e-01 1.655035889730412935e-01
1.686686686686686698e-01 1.659302001000496074e-01
1.689189189189188867e-01 1.663568112270579213e-01
1.691691691691691590e-01 1.667834223540662908e-01
1.694194194194194591e-01 1.672100334810747158e-01
1.696696696696697038e-01 1.676366446080830297e-01
1.699199199199199206e-01 1.680632557350913436e-01
1.701701701701701652e-01 1.684898668620996576e-01
1.704204204204204376e-01 1.689164779891080270e-01
1.706706706706707100e-01 1.693430891161163965e-01
1.709209209209209268e-01 1.697697002431247104e-01
1.711711711711711714e-01 1.701963113701330244e-01
1.714214214214213883e-01 1.706229224971413383e-01
1.716716716716716606e-01 1.710495336241497077e-01
1.719219219219219330e-01 1.714761447511580772e-01
1.721721721721721499e-01 1.719027558781663911e-01
1.724224224224224222e-01 1.723293670051747606e-01
1.726726726726726668e-01 1.727559781321830745e-01
1.729229229229229114e-01 1.731825892591913885e-01
1.731731731731731838e-01 1.736092003861998134e-01
1.734234234234234284e-01 1.740358115132081274e-01
1.736736736736736730e-01 1.744624226402164413e-01
1.739239239239238899e-01 1.748890337672247552e-01
1.741741741741741623e-01 1.753156448942331247e-01
1.744244244244244624e-01 1.757422560212415497e-01
1.746746746746747070e-01 1.761688671482498636e-01
1.749249249249249238e-01 1.765954782752581775e-01
1.751751751751751685e-01 1.770220894022664915e-01
1.754254254254254131e-01 1.774487005292748054e-01
1.756756756756756854e-01 1.778753116562831749e-01
1.759259259259259300e-01 1.783019227832915443e-01
1.761761761761761469e-01 1.787285339102998027e-01
1.764264264264263915e-01 1.791551450373081722e-01
1.766766766766766639e-01 1.795817561643165416e-01
1.769269269269269085e-01 1.800083672913248556e-01
1.771771771771771808e-01 1.804349784183332250e-01
1.774274274274274255e-01 1.808615895453415945e-01
1.776776776776776978e-01 1.812882006723499639e-01
1.779279279279279147e-01 1.817148117993582224e-01
1.781781781781781870e-01 1.821414229263665918e-01
1.784284284284284594e-01 1.825680340533750168e-01
1.786786786786787040e-01 1.829946451803833307e-01
1.789289289289289209e-01 1.834212563073915891e-01
1.791791791791791655e-01 1.838478674343999586e-01
1.794294294294294378e-01 1.842744785614083280e-01
1.796796796796796825e-01 1.847010896884166420e-01
1.799299299299299271e-01 1.851277008154249559e-01
1.801801801801801439e-01 1.855543119424332699e-01
1.804304304304303885e-01 1.859809230694415838e-01
1.806806806806806887e-01 1.864075341964500088e-01
1.809309309309309055e-01 1.868341453234583227e-01
1.811811811811811779e-01 1.872607564504666922e-01
1.814314314314314225e-01 1.876873675774750061e-01
1.816816816816816671e-01 1.881139787044833755e-01
1.819319319319319672e-01 1.885405898314918005e-01
1.821821821821821563e-01 1.889672009585000034e-01
1.824324324324323732e-01 1.893938120855083174e-01
1.826826826826827010e-01 1.898204232125167978e-01
1.829329329329328624e-01 1.902470343395249452e-01
1.831831831831831903e-01 1.906736454665334257e-01
1.834334334334334626e-01 1.911002565935417952e-01
1.836836836836836795e-01 1.915268677205501091e-01
1.839339339339339241e-01 1.919534788475584230e-01
1.841841841841841410e-01 1.923800899745667370e-01
1.844344344344344133e-01 1.928067011015751064e-01
1.846846846846846857e-01 1.932333122285834759e-01
1.849349349349349025e-01 1.936599233555917343e-01
1.851851851851852304e-01 1.940865344826002148e-01
1.854354354354354473e-01 1.945131456096085287e-01
1.856856856856856919e-01 1.949397567366168427e-01
1.859359359359359642e-01 1.953663678636252121e-01
1.861861861861861811e-01 1.957929789906335261e-01
1.864364364364364257e-01 1.962195901176418400e-01
1.866866866866866981e-01 1.966462012446502094e-01
1.869369369369369149e-01 1.970728123716585234e-01
1.871871871871871873e-01 1.974994234986668928e-01
1.874374374374374597e-01 1.979260346256752623e-01
1.876876876876876765e-01 1.983526457526835762e-01
1.879379379379379489e-01 1.987792568796919457e-01
1.881881881881881380e-01 1.992058680067001486e-01
1.884384384384384381e-01 1.996324791337085736e-01
1.886886886886886827e-01 2.000590902607169430e-01
1.889389389389388718e-01 2.004857013877251459e-01
1.891891891891891719e-01 2.009123125147335709e-01
1.894394394394394165e-01 2.013389236417419403e-01
1.896896896896896612e-01 2.017655347687502543e-01
1.899399399399399613e-01 2.021921458957586792e-01
1.901901901901901504e-01 2.026187570227669377e-01
1.904404404404404505e-01 2.030453681497753626e-01
1.906906906906906951e-01 2.034719792767836766e-01
1.909409409409409120e-01 2.038985904037919350e-01
1.911911911911912121e-01 2.043252015308003600e-01
1.914414414414414567e-01 2.047518126578087294e-01
1.916916916916916735e-01 2.051784237848169878e-01
1.919419419419419459e-01 2.056050349118253573e-01
1.921921921921921628e-01 2.060316460388336712e-01
1.924424424424424351e-01 2.064582571658420407e-01
1.926926926926926797e-01 2.068848682928503546e-01
1.929429429429428966e-01 2.073114794198586686e-01
1.931931931931932245e-01 2.077380905468671490e-01
1.934434434434434413e-01 2.081647016738754075e-01
1.936936936936937137e-01 2.085913128008837769e-01
1.939439439439439861e-01 2.090179239278922019e-01
1.941941941941942029e-01 2.094445350549004603e-01
1.944444444444444475e-01 2.098711461819087742e-01
1.946946946946946921e-01 2.102977573089171437e-01
1.949449449449449367e-01 2.107243684359254576e-01
1.951951951951952091e-01 2.111509795629338271e-01
1.954454454454454537e-01 2.115775906899421410e-01
1.956956956956956706e-01 2.120042018169504550e-01
1.959459459459459429e-01 2.124308129439588244e-01
1.961961961961961598e-01 2.128574240709671384e-01
1.964464464464464322e-01 2.132840351979755078e-01
1.966966966966967045e-01 2.137106463249838773e-01
1.969469469469468936e-01 2.141372574519921357e-01
1.971971971971971660e-01 2.145638685790005051e-01
1.974474474474474384e-01 2.149904797060088746e-01
1.976976976976976830e-01 2.154170908330171885e-01
1.979479479479479831e-01 2.158437019600256135e-01
1.981981981981981444e-01 2.162703130870338164e-01
1.984484484484484446e-01 2.166969242140422414e-01
1.986986986986986892e-01 2.171235353410505553e-01
1.989489489489489338e-01 2.175501464680589248e-01
1.991991991991992061e-01 2.179767575950672942e-01
1.994494494494494508e-01 2.184033687220756081e-01
1.996996996996996676e-01 2.188299798490839221e-01
1.999499499499499400e-01 2.192565909760922915e-01
2.002002002002001568e-01 2.196832021031005500e-01
2.004504504504504292e-01 2.201098132301089194e-01
2.007007007007007293e-01 2.205364243571173444e-01
2.009509509509508907e-01 2.209630354841255473e-01
2.012012012012012185e-01 2.213896466111340278e-01
2.014514514514514631e-01 2.218162577381423417e-01
2.017017017017017078e-01 2.222428688651507112e-01
2.019519519519519801e-01 2.226694799921590806e-01
2.022022022022021692e-01 2.230960911191673390e-01
2.024524524524524416e-01 2.235227022461757085e-01
2.027027027027027140e-01 2.239493133731840779e-01
2.029529529529529308e-01 2.243759245001923364e-01
2.032032032032032032e-01 2.248025356272007613e-01
2.034534534534534478e-01 2.252291467542090753e-01
2.037037037037036646e-01 2.256557578812173337e-01
2.039539539539539648e-01 2.260823690082257587e-01
2.042042042042042094e-01 2.265089801352341281e-01
2.044544544544544262e-01 2.269355912622423865e-01
2.047047047047046708e-01 2.273622023892507005e-01
2.049549549549548877e-01 2.277888135162590144e-01
2.052052052052051878e-01 2.282154246432674394e-01
2.054554554554554324e-01 2.286420357702757533e-01
2.057057057057056770e-01 2.290686468972841228e-01
2.059559559559559772e-01 2.294952580242925477e-01
2.062062062062061385e-01 2.299218691513006951e-01
2.064564564564564664e-01 2.303484802783091756e-01
2.067067067067067387e-01 2.307750914053175451e-01
2.069569569569569278e-01 2.312017025323258035e-01
2.072072072072072002e-01 2.316283136593341729e-01
2.074574574574574448e-01 2.320549247863425424e-01
2.077077077077076617e-01 2.324815359133508008e-01
2.079579579579580173e-01 2.329081470403593368e-01
2.082082082082082064e-01 2.333347581673675397e-01
2.084584584584584233e-01 2.337613692943758537e-01
2.087087087087086679e-01 2.341879804213841676e-01
2.089589589589589680e-01 2.346145915483925926e-01
2.092092092092092126e-01 2.350412026754009620e-01
2.094594594594594572e-01 2.354678138024092759e-01
2.097097097097097018e-01 2.358944249294175899e-01
2.099599599599599742e-01 2.363210360564259593e-01
2.102102102102101910e-01 2.367476471834342733e-01
2.104604604604604634e-01 2.371742583104426427e-01
2.107107107107107358e-01 2.376008694374510122e-01
2.109609609609609249e-01 2.380274805644592706e-01
2.112112112112111972e-01 2.384540916914676401e-01
2.114614614614614418e-01 2.388807028184759540e-01
2.117117117117116865e-01 2.393073139454843234e-01
2.119619619619619588e-01 2.397339250724926929e-01
2.122122122122122034e-01 2.401605361995010068e-01
2.124624624624624203e-01 2.405871473265093208e-01
2.127127127127126927e-01 2.410137584535176902e-01
2.129629629629629373e-01 2.414403695805260042e-01
2.132132132132131819e-01 2.418669807075343181e-01
2.134634634634634265e-01 2.422935918345426876e-01
2.137137137137136711e-01 2.427202029615510015e-01
2.139639639639639990e-01 2.431468140885594820e-01
2.142142142142141881e-01 2.435734252155676849e-01
2.144644644644644882e-01 2.440000363425761654e-01
2.147147147147147328e-01 2.444266474695844793e-01
2.149649649649649219e-01 2.448532585965926822e-01
2.152152152152151943e-01 2.452798697236011072e-01
2.154654654654654389e-01 2.457064808506094211e-01
2.157157157157156835e-01 2.461330919776177351e-01
2.159659659659659559e-01 2.465597031046261045e-01
2.162162162162162560e-01 2.469863142316345295e-01
2.164664664664665006e-01 2.474129253586428989e-01
2.167167167167167174e-01 2.478395364856511573e-01
2.169669669669669620e-01 2.482661476126595268e-01
2.172172172172172344e-01 2.486927587396678963e-01
2.174674674674675068e-01 2.491193698666762657e-01
2.177177177177176959e-01 2.495459809936845241e-01
2.179679679679679960e-01 2.499725921206929491e-01
2.182182182182182129e-01 2.503992032477012075e-01
2.184684684684684575e-01 2.508258143747095215e-01
2.187187187187187298e-01 2.512524255017179464e-01
2.189689689689689467e-01 2.516790366287262048e-01
2.192192192192191913e-01 2.521056477557345188e-01
2.194694694694694637e-01 2.525322588827428882e-01
2.197197197197196805e-01 2.529588700097512022e-01
2.199699699699699806e-01 2.533854811367596271e-01
2.202202202202202252e-01 2.538120922637679411e-01
2.204704704704704699e-01 2.542387033907763105e-01
2.207207207207206867e-01 2.546653145177845690e-01
2.209709709709709036e-01 2.550919256447928829e-01
2.212212212212212592e-01 2.555185367718013634e-01
2.214714714714715038e-01 2.559451478988097328e-01
2.217217217217216652e-01 2.563717590258178802e-01
2.219719719719719930e-01 2.567983701528263607e-01
2.222222222222222099e-01 2.572249812798346746e-01
2.224724724724724823e-01 2.576515924068430441e-01
2.227227227227227269e-01 2.580782035338513580e-01
2.229729729729729437e-01 2.585048146608596720e-01
2.232232232232231883e-01 2.589314257878679859e-01
2.234734734734734607e-01 2.593580369148763554e-01
2.237237237237237053e-01 2.597846480418847248e-01
2.239739739739740332e-01 2.602112591688931498e-01
2.242242242242242500e-01 2.606378702959014637e-01
2.244744744744744946e-01 2.610644814229097777e-01
2.247247247247247115e-01 2.614910925499180916e-01
2.249749749749749839e-01 2.619177036769264610e-01
2.252252252252252007e-01 2.623443148039347195e-01
2.254754754754755008e-01 2.627709259309431444e-01
2.257257257257256899e-01 2.631975370579514029e-01
2.259759759759759901e-01 2.636241481849598278e-01
2.262262262262262624e-01 2.640507593119681973e-01
2.264764764764765070e-01 2.644773704389765112e-01
2.267267267267266961e-01 2.649039815659847696e-01
2.269769769769769407e-01 2.653305926929930836e-01
2.272272272272272131e-01 2.657572038200015085e-01
2.274774774774774577e-01 2.661838149470098225e-01
2.277277277277277023e-01 2.666104260740181364e-01
2.279779779779780025e-01 2.670370372010265614e-01
2.282282282282281916e-01 2.674636483280348198e-01
2.284784784784784362e-01 2.678902594550431338e-01
2.287287287287287363e-01 2.683168705820515587e-01
2.289789789789789531e-01 2.687434817090598727e-01
2.292292292292291978e-01 2.691700928360681866e-01
2.294794794794794979e-01 2.695967039630766116e-01
2.297297297297296592e-01 2.700233150900848145e-01
2.299799799799799871e-01 2.704499262170932949e-01
2.302302302302302595e-01 2.708765373441016644e-01
2.304804804804805041e-01 2.713031484711099783e-01
2.307307307307306932e-01 2.717297595981182368e-01
2.309809809809809378e-01 2.721563707251265507e-01
2.312312312312312379e-01 2.725829818521349757e-01
2.314814814814814548e-01 2.730095929791432896e-01
2.317317317317316439e-01 2.734362041061514925e-01
2.319819819819819995e-01 2.738628152331600285e-01
2.322322322322321886e-01 2.742894263601682869e-01
2.324824824824824887e-01 2.747160374871767119e-01
2.327327327327327611e-01 2.751426486141850813e-01
2.329829829829830057e-01 2.755692597411933953e-01
2.332332332332331948e-01 2.759958708682016537e-01
2.334834834834834949e-01 2.764224819952100787e-01
2.337337337337337395e-01 2.768490931222183926e-01
2.339839839839840396e-01 2.772757042492268176e-01
2.342342342342342565e-01 2.777023153762351315e-01
2.344844844844845011e-01 2.781289265032434455e-01
2.347347347347347457e-01 2.785555376302517594e-01
2.349849849849849903e-01 2.789821487572600733e-01
2.352352352352352627e-01 2.794087598842684983e-01
2.354854854854854518e-01 2.798353710112767012e-01
2.357357357357356964e-01 2.802619821382850707e-01
2.359859859859859965e-01 2.806885932652934956e-01
2.362362362362362134e-01 2.811152043923017541e-01
2.364864864864864580e-01 2.815418155193100680e-01
2.367367367367367581e-01 2.819684266463184930e-01
2.369869869869869472e-01 2.823950377733267514e-01
2.372372372372372473e-01 2.828216489003351763e-01
2.374874874874874919e-01 2.832482600273434903e-01
2.377377377377377365e-01 2.836748711543518597e-01
2.379879879879880367e-01 2.841014822813602847e-01
2.382382382382382535e-01 2.845280934083685431e-01
2.384884884884884981e-01 2.849547045353769126e-01
2.387387387387387427e-01 2.853813156623852265e-01
2.389889889889889873e-01 2.858079267893935405e-01
2.392392392392392597e-01 2.862345379164019099e-01
2.394894894894894488e-01 2.866611490434101683e-01
2.397397397397396934e-01 2.870877601704184823e-01
2.399899899899899935e-01 2.875143712974269072e-01
2.402402402402402104e-01 2.879409824244352212e-01
2.404904904904904550e-01 2.883675935514435351e-01
2.407407407407406996e-01 2.887942046784518491e-01
2.409909909909909442e-01 2.892208158054602185e-01
2.412412412412412444e-01 2.896474269324686435e-01
2.414914914914914890e-01 2.900740380594769574e-01
2.417417417417417613e-01 2.905006491864853269e-01
2.419919919919920059e-01 2.909272603134936963e-01
2.422422422422422505e-01 2.913538714405020102e-01
2.424924924924924952e-01 2.917804825675103242e-01
2.427427427427427120e-01 2.922070936945186381e-01
2.429929929929929566e-01 2.926337048215269521e-01
2.432432432432432012e-01 2.930603159485352660e-01
2.434934934934935014e-01 2.934869270755436910e-01
2.437437437437436905e-01 2.939135382025519494e-01
2.439939939939939906e-01 2.943401493295603744e-01
2.442442442442442074e-01 2.947667604565686328e-01
2.444944944944944520e-01 2.951933715835770022e-01
2.447447447447447522e-01 2.956199827105854272e-01
2.449949949949949413e-01 2.960465938375936301e-01
2.452452452452452414e-01 2.964732049646020551e-01
2.454954954954955137e-01 2.968998160916104800e-01
2.457457457457457584e-01 2.973264272186187940e-01
2.459959959959960030e-01 2.977530383456271079e-01
2.462462462462462476e-01 2.981796494726354774e-01
2.464964964964964922e-01 2.986062605996437913e-01
2.467467467467467923e-01 2.990328717266522163e-01
2.469969969969969537e-01 2.994594828536604192e-01
2.472472472472472538e-01 2.998860939806688442e-01
2.474974974974974984e-01 3.003127051076771581e-01
2.477477477477477430e-01 3.007393162346854720e-01
2.479979979979979876e-01 3.011659273616938415e-01
2.482482482482482600e-01 3.015925384887022109e-01
2.484984984984985046e-01 3.020191496157105249e-01
2.487487487487487492e-01 3.024457607427188943e-01
2.489989989989989938e-01 3.028723718697272083e-01
2.492492492492492107e-01 3.032989829967354667e-01
2.494994994994995108e-01 3.037255941237438917e-01
2.497497497497496999e-01 3.041522052507521501e-01
2.500000000000000000e-01 3.045788163777605750e-01
