1.522163295745849609e+01
1.513729476928710938e+01
1.523060226440429688e+01
1.527216434478759766e+01
1.525373458862304688e+01
1.521250057220458984e+01
1.523072433471679688e+01
1.515221881866455078e+01
1.530454158782958984e+01
1.528517913818359375e+01
1.530795574188232422e+01
1.532534122467041016e+01
1.528484725952148438e+01
1.528484725952148438e+01
1.527019023895263672e+01
1.529804134368896484e+01
1.510712623596191406e+01
1.531055355072021484e+01
1.536179447174072266e+01
1.526402664184570312e+01
1.526402664184570312e+01
1.536186790466308594e+01
1.536186790466308594e+01
1.526748371124267578e+01
1.533641433715820312e+01
1.537091922760009766e+01
1.537091922760009766e+01
1.528725433349609375e+01
1.521703338623046875e+01
1.521703338623046875e+01
1.524462223052978516e+01
1.524033927917480469e+01
1.533089828491210938e+01
1.515763378143310547e+01
1.514571666717529297e+01
1.518457984924316406e+01
1.525068664550781250e+01
1.523085975646972656e+01
1.535686016082763672e+01
1.537998390197753906e+01
1.527268791198730469e+01
1.522202205657958984e+01
1.527822685241699219e+01
1.524767398834228516e+01
1.524594783782958984e+01
1.525206851959228516e+01
1.545156002044677734e+01
1.545156002044677734e+01
1.536151313781738281e+01
1.534714126586914062e+01
1.535817813873291016e+01
1.501872444152832031e+01
1.519906330108642578e+01
1.526912975311279297e+01
1.523317527770996094e+01
1.522193431854248047e+01
1.515260601043701172e+01
1.516358566284179688e+01
1.518662261962890625e+01
1.529354572296142578e+01
1.535661506652832031e+01
1.542055130004882812e+01
1.530524158477783203e+01
1.528761959075927734e+01
1.531513881683349609e+01
1.532976913452148438e+01
1.531738281250000000e+01
1.523937034606933594e+01
1.526918601989746094e+01
1.530704593658447266e+01
1.536684417724609375e+01
1.535790538787841797e+01
1.530477523803710938e+01
1.526970767974853516e+01
1.519671344757080078e+01
1.527470397949218750e+01
1.536474990844726562e+01
1.515076065063476562e+01
1.515205669403076172e+01
1.518690872192382812e+01
1.528249835968017578e+01
1.536068344116210938e+01
1.538836097717285156e+01
1.524087047576904297e+01
1.531002998352050781e+01
1.531002998352050781e+01
1.530097484588623047e+01
1.530097484588623047e+01
1.535862350463867188e+01
1.541123008728027344e+01
1.542003726959228516e+01
1.535535335540771484e+01
1.513196468353271484e+01
1.536305713653564453e+01
1.533037185668945312e+01
1.533669757843017578e+01
1.533578395843505859e+01
1.530094146728515625e+01
1.530094146728515625e+01
1.533030223846435547e+01
1.524063205718994141e+01
1.515804290771484375e+01
1.534399032592773438e+01
1.542158222198486328e+01
1.524043083190917969e+01
1.537703990936279297e+01
1.538116931915283203e+01
1.538116931915283203e+01
1.529745006561279297e+01
1.526131153106689453e+01
1.531404781341552734e+01
1.531404781341552734e+01
1.528983592987060547e+01
1.524378013610839844e+01
1.522096824645996094e+01
1.528183650970458984e+01
1.523825359344482422e+01
1.519531631469726562e+01
1.523021697998046875e+01
1.522915935516357422e+01
1.526370239257812500e+01
1.521627140045166016e+01
1.519609642028808594e+01
1.514866638183593750e+01
1.532944965362548828e+01
1.532944965362548828e+01
1.533084678649902344e+01
1.524083042144775391e+01
1.516613864898681641e+01
1.511363983154296875e+01
1.511754798889160156e+01
1.522439670562744141e+01
1.522439670562744141e+01
1.522278022766113281e+01
1.514680576324462891e+01
1.514680576324462891e+01
1.524236392974853516e+01
1.527226066589355469e+01
1.521494007110595703e+01
1.520626449584960938e+01
1.523015117645263672e+01
1.516307067871093750e+01
1.536405944824218750e+01
1.555937004089355469e+01
1.531998348236083984e+01
1.531298255920410156e+01
1.525525951385498047e+01
1.525525951385498047e+01
1.514815425872802734e+01
1.512519454956054688e+01
1.521154117584228516e+01
1.521154117584228516e+01
1.518963718414306641e+01
1.521085071563720703e+01
1.522987461090087891e+01
1.515270042419433594e+01
1.511321926116943359e+01
1.538976669311523438e+01
1.531897068023681641e+01
1.529521942138671875e+01
1.529661560058593750e+01
1.542225837707519531e+01
1.524308586120605469e+01
1.523524856567382812e+01
1.528190898895263672e+01
1.522947311401367188e+01
1.515733242034912109e+01
1.519013404846191406e+01
1.511383342742919922e+01
1.520821475982666016e+01
1.520796775817871094e+01
1.525188255310058594e+01
1.536313438415527344e+01
1.536313438415527344e+01
1.530908775329589844e+01
1.529956340789794922e+01
1.518654537200927734e+01
1.525262832641601562e+01
1.522141170501708984e+01
1.524697017669677734e+01
1.525182151794433594e+01
1.525182151794433594e+01
1.546504974365234375e+01
1.532341861724853516e+01
1.519690513610839844e+01
1.515583896636962891e+01
1.516931533813476562e+01
1.519855499267578125e+01
1.513527488708496094e+01
1.514972209930419922e+01
1.519561386108398438e+01
1.525489139556884766e+01
1.523496055603027344e+01
1.523496055603027344e+01
1.524787330627441406e+01
1.524787330627441406e+01
1.518887424468994141e+01
1.527151012420654297e+01
1.527151012420654297e+01
1.522700595855712891e+01
1.513345813751220703e+01
1.520253276824951172e+01
1.523415946960449219e+01
1.521196269989013672e+01
1.536260414123535156e+01
1.520703029632568359e+01
1.512014770507812500e+01
1.530450630187988281e+01
1.526484394073486328e+01
1.538255310058593750e+01
1.521172428131103516e+01
1.513175487518310547e+01
1.518269157409667969e+01
1.518269157409667969e+01
1.516771125793457031e+01
1.534209346771240234e+01
1.532028865814208984e+01
1.524209308624267578e+01
1.529197692871093750e+01
1.532369422912597656e+01
1.534162139892578125e+01
1.539374160766601562e+01
1.539374160766601562e+01
1.534857559204101562e+01
1.534857559204101562e+01
1.534857559204101562e+01
1.513500785827636719e+01
1.521358108520507812e+01
1.529759120941162109e+01
1.530543708801269531e+01
1.542053413391113281e+01
1.550984191894531250e+01
1.543090248107910156e+01
1.537981128692626953e+01
1.533049392700195312e+01
1.533088302612304688e+01
1.535246276855468750e+01
1.525610065460205078e+01
1.525610065460205078e+01
1.543256759643554688e+01
1.528192520141601562e+01
1.531743717193603516e+01
1.523721408843994141e+01
1.525982093811035156e+01
1.527423572540283203e+01
1.529961872100830078e+01
1.518746376037597656e+01
1.524043846130371094e+01
1.523404216766357422e+01
1.521025371551513672e+01
1.526140308380126953e+01
1.534331798553466797e+01
1.534515571594238281e+01
1.535048198699951172e+01
1.544231414794921875e+01
1.533505439758300781e+01
1.541716766357421875e+01
1.523338699340820312e+01
1.519948196411132812e+01
1.522677803039550781e+01
1.515769958496093750e+01
1.518762493133544922e+01
1.523092937469482422e+01
1.525743770599365234e+01
1.524760246276855469e+01
1.520830345153808594e+01
1.526615619659423828e+01
1.524866008758544922e+01
1.526300239562988281e+01
1.533671855926513672e+01
1.516015720367431641e+01
1.511939525604248047e+01
1.523695755004882812e+01
1.525226306915283203e+01
1.526531219482421875e+01
1.520908069610595703e+01
1.531386089324951172e+01
1.530890464782714844e+01
1.540107345581054688e+01
1.526017570495605469e+01
1.535987377166748047e+01
1.525311756134033203e+01
1.523794174194335938e+01
1.519610214233398438e+01
1.506468677520751953e+01
1.518408679962158203e+01
1.513760662078857422e+01
1.529202747344970703e+01
1.530503749847412109e+01
1.533643722534179688e+01
1.528045177459716797e+01
1.520508384704589844e+01
1.520508384704589844e+01
1.520508384704589844e+01
1.521861171722412109e+01
1.516247367858886719e+01
1.519551181793212891e+01
1.520929527282714844e+01
1.517144203186035156e+01
1.534637546539306641e+01
1.531665897369384766e+01
1.531483173370361328e+01
1.525887680053710938e+01
1.526732158660888672e+01
1.524225425720214844e+01
1.539382171630859375e+01
1.536453914642333984e+01
1.531077957153320312e+01
1.536164855957031250e+01
1.536164855957031250e+01
1.531357383728027344e+01
1.519011878967285156e+01
1.517728900909423828e+01
1.539720535278320312e+01
1.540047073364257812e+01
1.532337951660156250e+01
1.533785820007324219e+01
1.528621101379394531e+01
1.534934806823730469e+01
1.537964916229248047e+01
1.537015533447265625e+01
1.536558914184570312e+01
1.540377235412597656e+01
1.532392692565917969e+01
1.547389793395996094e+01
1.533372402191162109e+01
1.528936576843261719e+01
1.543536186218261719e+01
1.544249534606933594e+01
1.535620403289794922e+01
1.539325714111328125e+01
1.550467681884765625e+01
1.522090148925781250e+01
1.522338771820068359e+01
1.510640335083007812e+01
1.519018650054931641e+01
1.518355369567871094e+01
1.520630741119384766e+01
1.524720287322998047e+01
1.524259471893310547e+01
1.517942523956298828e+01
1.523346996307373047e+01
1.528169536590576172e+01
1.521722412109375000e+01
1.512502384185791016e+01
1.523127269744873047e+01
1.524191570281982422e+01
1.523019504547119141e+01
1.522992134094238281e+01
1.525965499877929688e+01
1.524129295349121094e+01
1.523059177398681641e+01
1.519326782226562500e+01
1.519326782226562500e+01
1.532535934448242188e+01
1.537120151519775391e+01
1.536969757080078125e+01
1.536969757080078125e+01
1.530779552459716797e+01
1.528026676177978516e+01
1.523627567291259766e+01
1.523627567291259766e+01
1.522600746154785156e+01
1.538572692871093750e+01
1.534672355651855469e+01
1.536946678161621094e+01
1.536946678161621094e+01
1.524607467651367188e+01
1.525707435607910156e+01
1.526410102844238281e+01
1.511715888977050781e+01
1.540036392211914062e+01
1.533379936218261719e+01
1.526942729949951172e+01
1.534778022766113281e+01
1.531090927124023438e+01
1.528606319427490234e+01
1.532579040527343750e+01
1.529300022125244141e+01
1.529300022125244141e+01
1.529300022125244141e+01
1.528268432617187500e+01
1.533546257019042969e+01
1.534153747558593750e+01
1.521670055389404297e+01
1.524334239959716797e+01
1.541068267822265625e+01
1.510583400726318359e+01
1.516289806365966797e+01
1.505780410766601562e+01
1.504416561126708984e+01
1.505465888977050781e+01
1.505831909179687500e+01
1.537988281250000000e+01
1.531098556518554688e+01
1.526211547851562500e+01
1.526211547851562500e+01
1.538151454925537109e+01
1.541565990447998047e+01
1.526757240295410156e+01
1.527001476287841797e+01
1.540001106262207031e+01
1.526164913177490234e+01
1.514345264434814453e+01
1.510485076904296875e+01
1.507939147949218750e+01
1.521663475036621094e+01
1.514700794219970703e+01
1.513838005065917969e+01
1.513838005065917969e+01
1.523355865478515625e+01
1.523778247833251953e+01
1.523778247833251953e+01
1.521606159210205078e+01
1.550506877899169922e+01
1.543560600280761719e+01
1.521931743621826172e+01
1.521220970153808594e+01
1.524965286254882812e+01
1.521841526031494141e+01
1.524050712585449219e+01
1.514018630981445312e+01
1.514058399200439453e+01
1.527142810821533203e+01
1.529346275329589844e+01
1.529346275329589844e+01
1.522515773773193359e+01
1.519800090789794922e+01
1.524132061004638672e+01
1.526061534881591797e+01
1.526061534881591797e+01
1.538978004455566406e+01
1.541090488433837891e+01
1.530691051483154297e+01
1.516425609588623047e+01
1.516213512420654297e+01
1.510516262054443359e+01
1.512453556060791016e+01
1.514225196838378906e+01
1.521486568450927734e+01
1.540428829193115234e+01
1.525407123565673828e+01
1.526634883880615234e+01
1.531940841674804688e+01
1.528771686553955078e+01
1.528657245635986328e+01
1.531871891021728516e+01
1.537297534942626953e+01
1.543026733398437500e+01
1.527057266235351562e+01
1.524232959747314453e+01
1.523321151733398438e+01
1.524616718292236328e+01
1.527126121520996094e+01
1.527126121520996094e+01
1.532141971588134766e+01
1.533257961273193359e+01
1.533093357086181641e+01
1.534491634368896484e+01
1.540447330474853516e+01
1.531831264495849609e+01
1.535092163085937500e+01
1.532317543029785156e+01
1.535512161254882812e+01
1.511479949951171875e+01
1.519065380096435547e+01
1.518096256256103516e+01
1.521873092651367188e+01
1.530138397216796875e+01
1.527412223815917969e+01
1.515624713897705078e+01
1.515624713897705078e+01
1.523099708557128906e+01
1.522609043121337891e+01
1.527706623077392578e+01
1.524994277954101562e+01
1.540475940704345703e+01
1.536117649078369141e+01
1.536117649078369141e+01
1.539019012451171875e+01
1.539019012451171875e+01
1.529597759246826172e+01
1.528765392303466797e+01
1.529898452758789062e+01
1.536622524261474609e+01
1.534514045715332031e+01
1.546349906921386719e+01
1.535967636108398438e+01
1.521924591064453125e+01
1.528534317016601562e+01
1.532248306274414062e+01
1.533090782165527344e+01
1.526545047760009766e+01
1.535701847076416016e+01
1.534370326995849609e+01
1.527808856964111328e+01
1.524591732025146484e+01
1.525530624389648438e+01
1.537585639953613281e+01
1.533729553222656250e+01
1.525531291961669922e+01
1.525531291961669922e+01
1.534838962554931641e+01
1.524925613403320312e+01
1.524925613403320312e+01
1.524925613403320312e+01
1.525721263885498047e+01
1.523032093048095703e+01
1.519547748565673828e+01
1.532307529449462891e+01
1.540441799163818359e+01
1.516703033447265625e+01
1.529576873779296875e+01
1.530582237243652344e+01
1.534819698333740234e+01
1.521123218536376953e+01
1.518361186981201172e+01
1.529257965087890625e+01
1.528335380554199219e+01
1.517779350280761719e+01
1.511848068237304688e+01
1.523196411132812500e+01
1.524698162078857422e+01
1.524236965179443359e+01
1.524236965179443359e+01
1.539251613616943359e+01
1.511251163482666016e+01
1.516675662994384766e+01
1.518255710601806641e+01
1.517674064636230469e+01
1.516737842559814453e+01
1.520646762847900391e+01
1.515023803710937500e+01
1.519714546203613281e+01
1.522236061096191406e+01
1.523275470733642578e+01
1.521354770660400391e+01
1.524468135833740234e+01
1.524468135833740234e+01
1.525579357147216797e+01
1.525579357147216797e+01
1.522407436370849609e+01
1.527180576324462891e+01
1.527783393859863281e+01
1.534374237060546875e+01
1.545291233062744141e+01
1.545037078857421875e+01
1.524848842620849609e+01
1.530954456329345703e+01
1.538529872894287109e+01
1.543601226806640625e+01
1.534789180755615234e+01
1.517640876770019531e+01
1.529886341094970703e+01
1.521931743621826172e+01
1.521486663818359375e+01
1.538215541839599609e+01
1.514358901977539062e+01
1.527290916442871094e+01
1.526859760284423828e+01
1.542837333679199219e+01
1.521913909912109375e+01
1.527092838287353516e+01
1.522828006744384766e+01
1.523977279663085938e+01
1.525183010101318359e+01
1.534615516662597656e+01
1.512873935699462891e+01
1.523722648620605469e+01
1.519480037689208984e+01
1.529444694519042969e+01
1.530561542510986328e+01
1.533206367492675781e+01
1.522409152984619141e+01
1.528716850280761719e+01
1.528782463073730469e+01
1.524397563934326172e+01
1.523883724212646484e+01
1.523740959167480469e+01
1.531467056274414062e+01
1.533770656585693359e+01
1.533273315429687500e+01
1.528885841369628906e+01
1.536078071594238281e+01
1.522709846496582031e+01
1.517027473449707031e+01
1.528044700622558594e+01
1.528052711486816406e+01
1.522903823852539062e+01
1.522903823852539062e+01
1.523519134521484375e+01
1.525486755371093750e+01
1.526288509368896484e+01
1.525348186492919922e+01
1.526412582397460938e+01
1.522130298614501953e+01
1.523675918579101562e+01
1.530064201354980469e+01
1.528858852386474609e+01
1.529152870178222656e+01
1.529152870178222656e+01
1.517828941345214844e+01
1.533044147491455078e+01
1.531576347351074219e+01
1.529208850860595703e+01
1.520994567871093750e+01
1.515673828125000000e+01
1.523191165924072266e+01
1.524134731292724609e+01
1.521883392333984375e+01
1.526935577392578125e+01
1.532757949829101562e+01
1.532757949829101562e+01
1.523230838775634766e+01
1.537423133850097656e+01
1.527604007720947266e+01
1.517409133911132812e+01
1.522190570831298828e+01
1.537545490264892578e+01
1.537545490264892578e+01
1.528766441345214844e+01
1.520544242858886719e+01
1.527655887603759766e+01
1.533006954193115234e+01
1.527591896057128906e+01
1.534528541564941406e+01
1.532762813568115234e+01
1.526174736022949219e+01
1.525632286071777344e+01
1.515393829345703125e+01
1.509107112884521484e+01
1.514323902130126953e+01
1.522863483428955078e+01
1.536014556884765625e+01
1.536014556884765625e+01
1.528412532806396484e+01
1.531951141357421875e+01
1.537401294708251953e+01
1.538241195678710938e+01
1.537578392028808594e+01
1.531770420074462891e+01
1.518752765655517578e+01
1.539047813415527344e+01
1.534170150756835938e+01
1.532839775085449219e+01
1.535119915008544922e+01
1.531258583068847656e+01
1.532678222656250000e+01
1.540171813964843750e+01
1.522001171112060547e+01
1.522253799438476562e+01
1.527289009094238281e+01
1.540633296966552734e+01
1.544684410095214844e+01
1.530534172058105469e+01
1.534422683715820312e+01
1.538167762756347656e+01
1.536370944976806641e+01
1.536857509613037109e+01
1.533126735687255859e+01
1.542100429534912109e+01
1.543472576141357422e+01
1.527516746520996094e+01
1.538486766815185547e+01
1.541391658782958984e+01
1.518787193298339844e+01
1.524295902252197266e+01
1.520021343231201172e+01
1.519968795776367188e+01
1.531997299194335938e+01
1.537485980987548828e+01
1.525494098663330078e+01
1.517165946960449219e+01
1.523726844787597656e+01
1.530752277374267578e+01
1.538828372955322266e+01
1.521478080749511719e+01
1.536546325683593750e+01
1.528044700622558594e+01
1.528044700622558594e+01
1.525437450408935547e+01
1.522312545776367188e+01
1.522262382507324219e+01
1.530166912078857422e+01
1.536542320251464844e+01
1.529915046691894531e+01
1.509639358520507812e+01
1.513495159149169922e+01
1.513423252105712891e+01
1.523482418060302734e+01
1.522706031799316406e+01
1.523278999328613281e+01
1.521080207824707031e+01
1.536475181579589844e+01
1.529212760925292969e+01
1.518718528747558594e+01
1.528107357025146484e+01
1.519821166992187500e+01
1.524940204620361328e+01
1.523760604858398438e+01
1.524275779724121094e+01
1.520986652374267578e+01
1.517210292816162109e+01
1.520170783996582031e+01
1.524409198760986328e+01
1.524894714355468750e+01
1.524581909179687500e+01
1.522383689880371094e+01
1.530975151062011719e+01
1.532375717163085938e+01
1.512534141540527344e+01
1.506038475036621094e+01
1.505041694641113281e+01
1.513878250122070312e+01
1.506458663940429688e+01
1.511026096343994141e+01
1.511026096343994141e+01
1.538265037536621094e+01
1.534503555297851562e+01
1.533049583435058594e+01
1.543061828613281250e+01
1.529442119598388672e+01
1.532975959777832031e+01
1.542653942108154297e+01
1.551202011108398438e+01
1.528988838195800781e+01
1.527771759033203125e+01
1.531315422058105469e+01
1.529567337036132812e+01
1.534405517578125000e+01
1.538854694366455078e+01
1.526536178588867188e+01
1.526536178588867188e+01
1.534682369232177734e+01
1.524498271942138672e+01
1.521230888366699219e+01
1.521230888366699219e+01
1.519827747344970703e+01
1.532542896270751953e+01
1.526459789276123047e+01
1.521069908142089844e+01
1.521759796142578125e+01
1.528596019744873047e+01
1.529664611816406250e+01
1.519107341766357422e+01
1.524028682708740234e+01
1.523345088958740234e+01
1.524578094482421875e+01
1.524582290649414062e+01
1.532474708557128906e+01
1.526107978820800781e+01
1.531858158111572266e+01
1.530690383911132812e+01
1.531301021575927734e+01
1.529569816589355469e+01
1.531556129455566406e+01
1.538615894317626953e+01
1.531555461883544922e+01
1.525732994079589844e+01
1.516593170166015625e+01
1.514307308197021484e+01
1.522886562347412109e+01
1.518374347686767578e+01
1.524954891204833984e+01
1.521294403076171875e+01
1.516950225830078125e+01
1.516711139678955078e+01
1.522860240936279297e+01
1.519096946716308594e+01
1.527484989166259766e+01
1.526274013519287109e+01
1.524826812744140625e+01
1.522663402557373047e+01
1.522663402557373047e+01
1.520261287689208984e+01
1.518389511108398438e+01
1.513333034515380859e+01
1.511453533172607422e+01
1.528594779968261719e+01
1.526532077789306641e+01
1.520814895629882812e+01
1.525592327117919922e+01
1.521839046478271484e+01
1.515930938720703125e+01
1.515930938720703125e+01
1.508302974700927734e+01
1.518076896667480469e+01
1.535862541198730469e+01
1.531782913208007812e+01
1.527354717254638672e+01
1.532872009277343750e+01
1.535480880737304688e+01
1.538509273529052734e+01
1.510801506042480469e+01
1.519127082824707031e+01
1.511056613922119141e+01
1.525408649444580078e+01
1.526526069641113281e+01
1.543059730529785156e+01
1.541497898101806641e+01
1.530631828308105469e+01
1.534445476531982422e+01
1.523110198974609375e+01
1.538273620605468750e+01
1.534988307952880859e+01
1.527125644683837891e+01
1.526240730285644531e+01
1.541200923919677734e+01
1.529362678527832031e+01
1.525874042510986328e+01
1.521157646179199219e+01
1.521405220031738281e+01
1.529093742370605469e+01
1.521048545837402344e+01
1.524869155883789062e+01
1.521427249908447266e+01
1.517930984497070312e+01
1.510883426666259766e+01
1.515471172332763672e+01
1.511246681213378906e+01
1.524998378753662109e+01
1.520441436767578125e+01
1.518946743011474609e+01
1.522240734100341797e+01
1.522240734100341797e+01
1.521400165557861328e+01
1.524218654632568359e+01
1.522961139678955078e+01
1.526661014556884766e+01
1.533020782470703125e+01
1.537148284912109375e+01
1.523703098297119141e+01
1.525960826873779297e+01
1.538900756835937500e+01
1.528059482574462891e+01
1.528059482574462891e+01
1.528200435638427734e+01
1.520978927612304688e+01
1.524801540374755859e+01
1.531352043151855469e+01
1.529469680786132812e+01
1.519725704193115234e+01
1.519943332672119141e+01
1.519943332672119141e+01
1.519943332672119141e+01
1.524829101562500000e+01
1.525592994689941406e+01
1.510672569274902344e+01
1.513486766815185547e+01
1.523437690734863281e+01
1.524816036224365234e+01
1.521096992492675781e+01
1.525072956085205078e+01
1.526279926300048828e+01
1.525168895721435547e+01
1.519294071197509766e+01
1.543065738677978516e+01
1.546503162384033203e+01
1.537716388702392578e+01
1.528073120117187500e+01
1.528073120117187500e+01
1.528073120117187500e+01
1.523064041137695312e+01
1.524739933013916016e+01
1.527411937713623047e+01
1.534779548645019531e+01
1.554214477539062500e+01
1.546035575866699219e+01
1.545391368865966797e+01
1.539864540100097656e+01
1.534073543548583984e+01
1.543622112274169922e+01
1.536021327972412109e+01
1.520999717712402344e+01
1.520999717712402344e+01
1.524326419830322266e+01
1.524326419830322266e+01
1.527923297882080078e+01
1.536224174499511719e+01
1.544553089141845703e+01
1.507184028625488281e+01
1.517443656921386719e+01
1.531458854675292969e+01
1.527863883972167969e+01
1.524557018280029297e+01
1.516504478454589844e+01
1.536119461059570312e+01
1.511306285858154297e+01
1.519994544982910156e+01
1.521974658966064453e+01
1.525897026062011719e+01
1.526552009582519531e+01
1.525357437133789062e+01
1.525949287414550781e+01
1.535382270812988281e+01
1.544771862030029297e+01
1.543913269042968750e+01
1.539258956909179688e+01
1.531549167633056641e+01
1.538326454162597656e+01
1.540244483947753906e+01
1.535988903045654297e+01
1.536095428466796875e+01
1.528289318084716797e+01
1.528289318084716797e+01
1.527427482604980469e+01
1.531570243835449219e+01
1.530959796905517578e+01
1.520611572265625000e+01
1.520611572265625000e+01
1.520611572265625000e+01
1.515370368957519531e+01
1.515370368957519531e+01
1.522307872772216797e+01
1.538933467864990234e+01
1.540870666503906250e+01
1.530486106872558594e+01
1.530486106872558594e+01
1.530486106872558594e+01
1.517893218994140625e+01
1.522805213928222656e+01
1.519558238983154297e+01
1.523851013183593750e+01
1.523851013183593750e+01
1.514905261993408203e+01
1.522094249725341797e+01
1.520362472534179688e+01
1.520362472534179688e+01
1.536334323883056641e+01
1.541864109039306641e+01
1.510262393951416016e+01
1.523433494567871094e+01
1.524605083465576172e+01
1.522286701202392578e+01
1.522286701202392578e+01
1.522286701202392578e+01
1.526807308197021484e+01
1.519078254699707031e+01
1.522279930114746094e+01
1.518974113464355469e+01
1.519108963012695312e+01
1.531780052185058594e+01
1.526571655273437500e+01
1.518586635589599609e+01
1.518282699584960938e+01
1.528897094726562500e+01
1.528020286560058594e+01
1.517961788177490234e+01
1.523703765869140625e+01
1.542173385620117188e+01
1.523430633544921875e+01
1.523430633544921875e+01
1.527856922149658203e+01
1.526201438903808594e+01
1.523333644866943359e+01
1.526974582672119141e+01
1.526807403564453125e+01
1.526524066925048828e+01
1.529045581817626953e+01
1.530478477478027344e+01
1.525910472869873047e+01
1.532353591918945312e+01
1.531826686859130859e+01
1.530807209014892578e+01
1.530976772308349609e+01
1.530065441131591797e+01
1.530065441131591797e+01
1.521631336212158203e+01
1.536344814300537109e+01
1.527520751953125000e+01
1.520097637176513672e+01
1.513148307800292969e+01
1.538810634613037109e+01
1.538810634613037109e+01
1.532490158081054688e+01
1.528572463989257812e+01
1.531471633911132812e+01
1.535204315185546875e+01
1.527184772491455078e+01
1.533264923095703125e+01
1.533549022674560547e+01
1.534923267364501953e+01
1.538369178771972656e+01
1.541820049285888672e+01
1.543515300750732422e+01
1.520207118988037109e+01
1.527889156341552734e+01
1.533407974243164062e+01
1.530858612060546875e+01
1.526430320739746094e+01
1.525814151763916016e+01
1.527106666564941406e+01
1.524388504028320312e+01
1.525503349304199219e+01
1.521793937683105469e+01
1.531366634368896484e+01
1.526019859313964844e+01
1.518661499023437500e+01
1.522674655914306641e+01
1.511775398254394531e+01
