4.0330848097801e-01
5.0686585903168e-01
5.0245320796967e-01
5.4506778717041e-01
3.3974233269691e-01
3.3679625391960e-01
3.5891345143318e-01
3.8713139295578e-01
4.3354135751724e-01
2.7663469314575e-01
3.3449801802635e-01
4.0140148997307e-01
3.8716712594032e-01
3.5730370879173e-01
2.9782259464264e-01
4.0112820267677e-01
6.6787213087082e-01
4.7709855437279e-01
5.0316452980042e-01
3.6911818385124e-01
4.1452214121819e-01
2.2574651241302e-01
3.9113700389862e-01
4.2306768894196e-01
5.1849848031998e-01
3.6105167865753e-01
3.9842754602432e-01
4.2944434285164e-01
5.2296525239944e-01
4.4388663768768e-01
5.6048649549484e-01
5.4633736610413e-01
2.4750238656998e-01
4.2874267697334e-01
4.4337707757950e-01
3.9184114336967e-01
5.3460687398911e-01
3.8380366563797e-01
4.2664617300034e-01
3.3817461133003e-01
4.0196466445923e-01
3.5783088207245e-01
4.1869431734085e-01
3.7953236699104e-01
4.2352432012558e-01
3.4207800030708e-01
7.2866433858871e-01
4.5987570285797e-01
4.1279351711273e-01
5.1031887531281e-01
2.9508972167969e-01
4.7180026769638e-01
4.6746933460236e-01
2.6101899147034e-01
3.9189931750298e-01
4.8859491944313e-01
4.2611309885979e-01
4.1156154870987e-01
3.5297733545303e-01
4.0297201275826e-01
4.6962335705757e-01
4.2300781607628e-01
5.0592178106308e-01
3.6796489357948e-01
3.0962601304054e-01
4.0490558743477e-01
4.3697288632393e-01
3.9390015602112e-01
3.2771834731102e-01
4.3296378850937e-01
3.2940450310707e-01
3.8546392321587e-01
3.8317674398422e-01
3.7608292698860e-01
5.5320304632187e-01
3.5914888978004e-01
3.9104509353638e-01
4.2647865414619e-01
5.5080521106720e-01
3.7744361162186e-01
2.9543823003769e-01
4.1612008213997e-01
3.1785675883293e-01
4.8183158040047e-01
5.0569796562195e-01
3.2442364096642e-01
4.1023501753807e-01
4.9357810616493e-01
4.6854332089424e-01
4.6808484196663e-01
3.7809786200523e-01
5.4211759567261e-01
3.5148844122887e-01
5.0416165590286e-01
5.5655932426453e-01
3.8831439614296e-01
5.2888965606689e-01
4.7640997171402e-01
4.0907409787178e-01
5.3155118227005e-01
3.9147821068764e-01
3.2075884938240e-01
4.8125389218330e-01
2.6816341280937e-01
4.9979194998741e-01
3.4363737702370e-01
4.4647029042244e-01
5.9443545341492e-01
3.2779151201248e-01
4.7422626614571e-01
6.4216339588165e-01
3.9610931277275e-01
3.2952570915222e-01
2.9857134819031e-01
4.1032221913338e-01
5.2822959423065e-01
3.7221008539200e-01
4.4141247868538e-01
3.5568290948868e-01
3.9838692545891e-01
4.1820237040520e-01
4.8854407668114e-01
4.0838655829430e-01
4.7883391380310e-01
2.9625904560089e-01
3.5026800632477e-01
3.4764972329140e-01
4.0645459294319e-01
4.8005864024162e-01
4.9652603268623e-01
3.7446519732475e-01
4.2003935575485e-01
3.8377425074577e-01
3.4622398018837e-01
4.1996756196022e-01
3.7272396683693e-01
4.0457418560982e-01
4.6278584003448e-01
3.1514802575111e-01
3.0437466502190e-01
4.7730794548988e-01
4.1005295515060e-01
4.5800018310547e-01
4.6018502116203e-01
4.9926307797432e-01
4.1773790121078e-01
4.8043879866600e-01
5.6918215751648e-01
5.2301865816116e-01
2.9999729990959e-01
2.9105570912361e-01
3.8928136229515e-01
3.5669416189194e-01
2.7698427438736e-01
4.8581314086914e-01
4.3095403909683e-01
5.6994938850403e-01
3.2995101809502e-01
4.5223554968834e-01
3.0361467599869e-01
6.6658633947372e-01
3.3175155520439e-01
3.3610513806343e-01
3.1304562091827e-01
5.6062734127045e-01
3.8683602213860e-01
4.1568717360497e-01
3.4171786904335e-01
4.3825230002403e-01
3.2677501440048e-01
3.5651078820229e-01
4.6163889765739e-01
4.8178264498711e-01
4.6000394225121e-01
4.2427915334702e-01
4.1677886247635e-01
4.5938125252724e-01
4.2785874009132e-01
4.7941768169403e-01
3.8374748826027e-01
3.0144008994102e-01
3.9930099248886e-01
3.2025927305222e-01
3.1689131259918e-01
3.4155696630478e-01
3.7752202153206e-01
3.9282071590424e-01
3.3310282230377e-01
3.0103951692581e-01
3.6604580283165e-01
3.8741940259933e-01
4.8661744594574e-01
5.1925021409988e-01
3.0692932009697e-01
5.3462606668472e-01
3.9192911982536e-01
4.9279943108559e-01
4.6794670820236e-01
4.8593842983246e-01
4.9840614199638e-01
3.1296628713608e-01
4.5207902789116e-01
3.7667354941368e-01
4.4934266805649e-01
3.1971889734268e-01
4.9462470412254e-01
5.9582293033600e-01
5.2039736509323e-01
3.0682468414307e-01
3.1710106134415e-01
4.7290894389153e-01
4.6887144446373e-01
3.1555491685867e-01
4.3914270401001e-01
3.9872249960899e-01
4.5197054743767e-01
5.1855820417404e-01
3.7736463546753e-01
6.2573862075806e-01
4.9840745329857e-01
3.7741348147392e-01
3.8863506913185e-01
5.0038194656372e-01
4.1031754016876e-01
4.1443321108818e-01
3.7149122357368e-01
3.3742713928223e-01
3.5772019624710e-01
3.6620900034904e-01
4.7463798522949e-01
5.3733271360397e-01
4.1102051734924e-01
3.7795892357826e-01
3.8458612561226e-01
4.9546161293983e-01
3.9180457592010e-01
4.1388607025146e-01
3.9228776097298e-01
4.7097581624985e-01
4.8366752266884e-01
2.5872692465782e-01
4.3447437882423e-01
4.0343588590622e-01
3.9074826240540e-01
3.4650608897209e-01
3.8098928332329e-01
4.1131648421288e-01
2.8161305189133e-01
4.3078342080116e-01
4.1130262613297e-01
2.9161319136620e-01
4.4050994515419e-01
4.5796078443527e-01
3.9147967100143e-01
4.6718433499336e-01
4.3361514806747e-01
3.7984099984169e-01
4.8550024628639e-01
5.1239913702011e-01
4.0030917525291e-01
3.3167466521263e-01
4.3646731972694e-01
4.5714238286018e-01
3.8574099540710e-01
5.9426856040955e-01
4.5912823081017e-01
3.1691697239876e-01
3.6799931526184e-01
3.8526096940041e-01
4.2592343688011e-01
4.1323533654213e-01
2.7827802300453e-01
3.7419140338898e-01
3.9735996723175e-01
3.9412069320679e-01
3.4557101130486e-01
4.8715087771416e-01
4.1719672083855e-01
3.6288449168205e-01
3.3471053838730e-01
2.7449950575829e-01
4.8901042342186e-01
5.1082223653793e-01
3.5342255234718e-01
2.7537864446640e-01
4.1527441143990e-01
3.9988493919373e-01
2.4705833196640e-01
5.2359455823898e-01
3.9103093743324e-01
4.1359627246857e-01
4.0250307321548e-01
3.9981433749199e-01
4.0174737572670e-01
3.8820138573647e-01
3.4791401028633e-01
3.4541311860085e-01
5.7832354307175e-01
4.7086384892464e-01
3.8160285353661e-01
4.6628525853157e-01
3.5780051350594e-01
3.9742198586464e-01
6.3252061605453e-01
3.0594691634178e-01
4.5241776108742e-01
4.1583213210106e-01
5.1211929321289e-01
3.5175499320030e-01
3.9641830325127e-01
2.7672740817070e-01
5.3168565034866e-01
4.3850728869438e-01
5.0177335739136e-01
3.5834535956383e-01
4.2853593826294e-01
5.8586394786835e-01
4.0631613135338e-01
3.6862745881081e-01
3.2570868730545e-01
3.6535042524338e-01
2.9961225390434e-01
3.9392477273941e-01
5.0451517105103e-01
4.8734658956528e-01
3.8385605812073e-01
4.5662027597427e-01
5.9230935573578e-01
4.7384378314018e-01
3.2280173897743e-01
3.9280763268471e-01
3.8254624605179e-01
3.8788712024689e-01
4.4771209359169e-01
4.1685044765472e-01
5.6076705455780e-01
4.9651172757149e-01
6.7629057168961e-01
2.6777690649033e-01
3.5463064908981e-01
4.5867443084717e-01
4.7493970394135e-01
3.2189667224884e-01
3.6699864268303e-01
3.3110180497169e-01
4.3253403902054e-01
4.7019410133362e-01
3.0537140369415e-01
4.4726902246475e-01
5.1260870695114e-01
4.8248773813248e-01
3.6189404129982e-01
4.4851660728455e-01
3.5719791054726e-01
6.0044115781784e-01
3.9955243468285e-01
3.8570046424866e-01
5.0057017803192e-01
4.5804542303085e-01
4.1335949301720e-01
3.3292862772942e-01
4.2392253875732e-01
3.8234770298004e-01
3.0507007241249e-01
4.6785500645638e-01
3.7195828557014e-01
4.6424952149391e-01
4.8210015892982e-01
4.0741294622421e-01
3.2658436894417e-01
4.0454900264740e-01
5.7421946525574e-01
5.0300145149231e-01
3.1849688291550e-01
4.4238924980164e-01
2.4656596779823e-01
3.0827549099922e-01
4.9895006418228e-01
4.2086032032967e-01
3.9472055435181e-01
3.5562822222710e-01
3.9514932036400e-01
5.0254023075104e-01
2.8597223758698e-01
4.5623812079430e-01
3.9580300450325e-01
3.2621431350708e-01
3.7708207964897e-01
4.4290950894356e-01
2.9940810799599e-01
3.8327237963676e-01
3.9159572124481e-01
3.2269987463951e-01
4.9492719769478e-01
5.3638905286789e-01
2.4858272075653e-01
4.1933345794678e-01
5.3754132986069e-01
4.7919735312462e-01
3.7928253412247e-01
3.7770092487335e-01
4.4354602694511e-01
4.5494684576988e-01
4.3709841370583e-01
4.4176736474037e-01
2.8475254774094e-01
3.9368012547493e-01
3.5901656746864e-01
3.4830000996590e-01
4.9404916167259e-01
3.9638644456863e-01
5.7011228799820e-01
4.1121742129326e-01
4.2758724093437e-01
4.6541821956635e-01
3.5044366121292e-01
3.5168531537056e-01
5.1926207542419e-01
4.0975570678711e-01
4.4588395953178e-01
4.4482013583183e-01
3.6530604958534e-01
4.7120681405067e-01
2.6831442117691e-01
3.8639491796494e-01
4.6867105364799e-01
3.3247649669647e-01
3.7669765949249e-01
3.5203906893730e-01
3.4936186671257e-01
3.6196550726891e-01
4.7275686264038e-01
4.6498116850853e-01
2.7472022175789e-01
3.3933666348457e-01
5.2481347322464e-01
4.6833389997482e-01
4.1684722900391e-01
4.5351251959801e-01
5.3491175174713e-01
3.5790291428566e-01
4.6185269951820e-01
4.8074981570244e-01
3.8892903923988e-01
3.0930858850479e-01
3.2924425601959e-01
4.5422133803368e-01
2.9199483990669e-01
4.5801821351051e-01
3.0034986138344e-01
5.8114773035049e-01
5.3010404109955e-01
3.1538724899292e-01
4.7752246260643e-01
5.2555590867996e-01
5.5106282234192e-01
3.7401813268661e-01
4.3113374710083e-01
3.7025216221809e-01
3.1678515672684e-01
5.1347357034683e-01
3.4426799416542e-01
5.4247182607651e-01
3.2585850358009e-01
6.0432040691376e-01
2.6497659087181e-01
2.8623470664024e-01
5.1483780145645e-01
5.0627410411835e-01
3.4642958641052e-01
5.0901055335999e-01
4.0908357501030e-01
4.5645806193352e-01
5.3112745285034e-01
4.3427371978760e-01
4.2939761281013e-01
3.5404375195503e-01
3.0637580156326e-01
3.9870727062225e-01
3.7814864516258e-01
5.2374643087387e-01
4.1982549428940e-01
6.0815656185150e-01
3.4918266534805e-01
4.4904962182045e-01
4.5664504170418e-01
3.7284511327744e-01
3.8492566347122e-01
3.2500183582306e-01
4.6272614598274e-01
5.1223576068878e-01
3.9529478549957e-01
3.6605620384216e-01
3.4788110852242e-01
4.9702170491219e-01
3.7021645903587e-01
3.1534609198570e-01
4.9339339137077e-01
4.4863700866699e-01
5.3634566068649e-01
3.7563142180443e-01
5.2346378564835e-01
4.6099594235420e-01
6.7060071229935e-01
3.4520059823990e-01
4.2978164553642e-01
4.2823541164398e-01
4.4474479556084e-01
3.9110860228539e-01
2.5971832871437e-01
4.2351707816124e-01
4.4925898313522e-01
3.9087522029877e-01
6.4611476659775e-01
2.8640884160995e-01
5.6048381328583e-01
4.6004918217659e-01
4.7975298762321e-01
5.5026519298553e-01
5.4305851459503e-01
3.5860601067543e-01
3.4667149186134e-01
3.6380967497826e-01
4.9353104829788e-01
3.7875288724899e-01
5.5400943756104e-01
4.6884843707085e-01
3.2179033756256e-01
4.7754564881325e-01
4.7750473022461e-01
4.2236623167992e-01
4.1377070546150e-01
3.9090386033058e-01
3.5281932353973e-01
4.9559366703033e-01
3.8634988665581e-01
4.6957400441170e-01
3.2809051871300e-01
4.1929963231087e-01
3.7857183814049e-01
4.2195191979408e-01
2.7431055903435e-01
4.2748180031776e-01
2.6843720674515e-01
3.8933244347572e-01
2.7102062106133e-01
3.6868584156036e-01
3.4816056489944e-01
2.9784235358238e-01
3.4981960058212e-01
4.0683645009995e-01
3.5516077280045e-01
4.6104556322098e-01
3.4450772404671e-01
4.5299717783928e-01
3.8071462512016e-01
5.9084790945053e-01
4.4176888465881e-01
2.9800632596016e-01
5.1145404577255e-01
3.9170262217522e-01
4.9018558859825e-01
3.6105999350548e-01
4.4016173481941e-01
3.4975546598434e-01
3.0902072787285e-01
3.9644199609756e-01
4.5437046885490e-01
4.5664674043655e-01
4.0791407227516e-01
3.0863407254219e-01
3.7175998091698e-01
3.9228671789169e-01
6.1117994785309e-01
4.7667270898819e-01
2.7850762009621e-01
3.0807998776436e-01
3.3497467637062e-01
4.6426552534103e-01
6.0199558734894e-01
3.8230028748512e-01
2.7083992958069e-01
5.7551312446594e-01
3.8092371821404e-01
5.8717292547226e-01
2.8319305181503e-01
4.8923829197884e-01
4.6583497524261e-01
4.0557375550270e-01
4.3914788961411e-01
5.5464977025986e-01
3.5587379336357e-01
4.0738829970360e-01
4.7883403301239e-01
3.7471953034401e-01
3.2648289203644e-01
5.1611196994781e-01
2.9401358962059e-01
3.4599384665489e-01
4.5444458723068e-01
3.0140477418900e-01
3.0259323120117e-01
3.8885357975960e-01
3.5160240530968e-01
3.9122748374939e-01
4.2835843563080e-01
3.2530996203423e-01
3.2497572898865e-01
5.2035075426102e-01
5.9311252832413e-01
2.9926916956902e-01
4.4747087359428e-01
3.8005760312080e-01
3.8395702838898e-01
3.5680049657822e-01
4.3950811028481e-01
4.3097957968712e-01
4.5932576060295e-01
4.4686716794968e-01
2.6470011472702e-01
4.7766798734665e-01
3.8805022835732e-01
4.0536615252495e-01
3.3427205681801e-01
4.8891624808311e-01
4.7707292437553e-01
4.7678381204605e-01
3.1008085608482e-01
5.6922960281372e-01
5.0030827522278e-01
5.8640044927597e-01
4.0553018450737e-01
5.9148794412613e-01
3.3821895718575e-01
3.3924740552902e-01
2.2645530104637e-01
4.8597303032875e-01
3.1867662072182e-01
4.3464693427086e-01
5.8443057537079e-01
2.2157815098763e-01
4.0429177880287e-01
4.7026214003563e-01
4.9900916218758e-01
4.1342014074326e-01
3.4147283434868e-01
3.5356089472771e-01
5.4232311248779e-01
3.8278576731682e-01
5.7822692394257e-01
3.1114557385445e-01
4.0314903855324e-01
3.4920802712440e-01
3.5581877827644e-01
3.7688496708870e-01
4.6547308564186e-01
4.2813554406166e-01
4.2777115106583e-01
5.3314292430878e-01
3.8828614354134e-01
3.3500546216965e-01
4.9768784642220e-01
4.0646484494209e-01
4.0156623721123e-01
4.7610431909561e-01
4.4723144173622e-01
3.8273763656616e-01
5.1507341861725e-01
3.7021169066429e-01
3.5527798533440e-01
3.6322739720345e-01
3.8223144412041e-01
5.2139067649841e-01
4.7265467047691e-01
3.8802999258041e-01
4.7609105706215e-01
6.3860154151917e-01
3.8901162147522e-01
3.2805347442627e-01
4.4347748160362e-01
2.9818880558014e-01
3.8309672474861e-01
4.3946465849876e-01
4.2942634224892e-01
3.5278439521790e-01
3.9818704128265e-01
4.2821645736694e-01
2.7809956669807e-01
3.5156688094139e-01
4.8440304398537e-01
3.2342636585236e-01
3.2517948746681e-01
4.5012789964676e-01
4.1454297304153e-01
4.8199328780174e-01
4.0615612268448e-01
3.7774133682251e-01
4.0692043304443e-01
4.1679236292839e-01
3.8982298970222e-01
3.1389266252518e-01
5.2027821540833e-01
4.2040792107582e-01
4.4630894064903e-01
4.0956118702888e-01
6.2115347385406e-01
4.8130032420158e-01
4.1024535894394e-01
5.1178264617920e-01
3.7445282936096e-01
4.0421262383461e-01
4.2538401484489e-01
3.3116030693054e-01
4.3588027358055e-01
3.7981006503105e-01
5.1147013902664e-01
3.8277819752693e-01
3.7762677669525e-01
4.5565420389175e-01
4.5909887552261e-01
4.9156334996223e-01
4.6106559038162e-01
4.2766055464745e-01
3.4434112906456e-01
4.0836104750633e-01
4.6190226078033e-01
4.3801280856133e-01
3.5870516300201e-01
3.6016243696213e-01
5.0379127264023e-01
4.3655911087990e-01
2.8622475266457e-01
4.2825946211815e-01
4.3380534648895e-01
3.8874503970146e-01
2.6603412628174e-01
5.6209695339203e-01
4.9278330802917e-01
3.8892355561256e-01
3.8381189107895e-01
3.8815194368362e-01
3.8289669156075e-01
2.9506844282150e-01
5.1389843225479e-01
3.5141655802727e-01
4.4644075632095e-01
5.0468564033508e-01
3.8949295878410e-01
3.2226482033730e-01
3.0374217033386e-01
4.9631223082542e-01
4.3534550070763e-01
3.7345233559608e-01
4.2116305232048e-01
5.1359921693802e-01
4.6282902359962e-01
4.1117978096008e-01
4.4026249647141e-01
5.3965169191360e-01
3.1804388761520e-01
3.2380115985870e-01
4.1991895437241e-01
4.0948894619942e-01
3.3342143893242e-01
4.0302026271820e-01
4.5788404345512e-01
4.7160026431084e-01
5.1041835546494e-01
3.6950322985649e-01
4.7202628850937e-01
4.6472999453545e-01
5.1623106002808e-01
3.2402539253235e-01
3.5257714986801e-01
4.2841991782188e-01
4.8651793599129e-01
3.6803612112999e-01
3.4793552756310e-01
3.1843155622482e-01
3.7298381328583e-01
3.4282481670380e-01
5.6344997882843e-01
3.6086606979370e-01
3.8310906291008e-01
4.0293443202972e-01
3.0626112222672e-01
3.7315270304680e-01
3.3327892422676e-01
4.9001714587212e-01
4.4303590059280e-01
5.2389031648636e-01
3.3086892962456e-01
3.9732202887535e-01
4.9868187308311e-01
2.9790931940079e-01
4.5090067386627e-01
3.4156927466393e-01
2.9143869876862e-01
4.4902893900871e-01
3.0355885624886e-01
3.5207375884056e-01
4.8671320080757e-01
3.3912292122841e-01
4.3364581465721e-01
3.6362475156784e-01
3.7629178166389e-01
3.8632529973984e-01
4.1836997866631e-01
5.1179933547974e-01
3.0115464329720e-01
2.8567019104958e-01
5.2153372764587e-01
4.8506632447243e-01
4.2233204841614e-01
3.4363406896591e-01
3.9844027161598e-01
3.2835736870766e-01
3.8891845941544e-01
5.8355754613876e-01
3.1680575013161e-01
3.0078333616257e-01
3.8503664731979e-01
3.1403172016144e-01
4.8228588700294e-01
3.1950375437737e-01
4.6412512660027e-01
4.4889515638351e-01
4.6378320455551e-01
5.6546109914780e-01
3.1814262270927e-01
5.1337838172913e-01
4.6307966113091e-01
2.6564648747444e-01
2.8543421626091e-01
5.4308933019638e-01
4.7594520449638e-01
4.9749252200127e-01
4.6474924683571e-01
4.2761605978012e-01
3.7092351913452e-01
4.6516755223274e-01
4.8730924725533e-01
3.1195691227913e-01
3.0702415108681e-01
5.3494954109192e-01
4.6453696489334e-01
3.7847539782524e-01
3.2302314043045e-01
4.2933243513107e-01
4.1638740897179e-01
4.0872952342033e-01
2.8162595629692e-01
5.3525435924530e-01
4.4040688872337e-01
5.3114056587219e-01
5.2375918626785e-01
3.1873336434364e-01
5.0254935026169e-01
3.9977815747261e-01
4.4965359568596e-01
5.7796424627304e-01
4.0281566977501e-01
3.5893815755844e-01
3.1675925850868e-01
4.9489620327950e-01
4.0985232591629e-01
3.9517462253571e-01
3.1438851356506e-01
3.4774762392044e-01
5.2062636613846e-01
4.8916354775429e-01
3.7129557132721e-01
3.5747355222702e-01
3.9466005563736e-01
2.9358139634132e-01
2.6964390277863e-01
2.8498321771622e-01
4.0755239129066e-01
4.7859176993370e-01
4.1877889633179e-01
2.7244901657104e-01
4.3167337775230e-01
3.4223219752312e-01
3.6376556754112e-01
4.3088719248772e-01
5.1398229598999e-01
3.6623299121857e-01
4.1596695780754e-01
3.2837370038033e-01
3.8760739564896e-01
4.2614176869392e-01
6.0984694957733e-01
4.1480383276939e-01
3.3592423796654e-01
4.4950354099274e-01
4.5621547102928e-01
3.5867333412170e-01
3.2045006752014e-01
2.6890861988068e-01
4.3606632947922e-01
6.3741183280945e-01
3.2315829396248e-01
4.1351920366287e-01
3.5271495580673e-01
3.0898827314377e-01
2.7587947249413e-01
5.2038693428040e-01
3.0193710327148e-01
4.1057664155960e-01
5.2132606506348e-01
4.0248444676399e-01
3.0616325139999e-01
3.8649061322212e-01
3.7024366855621e-01
3.9406195282936e-01
4.3689322471619e-01
5.0977468490601e-01
3.8236477971077e-01
5.3589731454849e-01
5.2535045146942e-01
4.9602651596069e-01
3.4487509727478e-01
5.3683966398239e-01
5.0786101818085e-01
3.5107064247131e-01
3.7688082456589e-01
2.9748347401619e-01
4.4584891200066e-01
3.2834717631340e-01
3.5326325893402e-01
3.4416407346725e-01
4.9379327893257e-01
4.8099550604820e-01
3.5559356212616e-01
3.6207261681557e-01
3.9472749829292e-01
3.9513954520226e-01
4.1684675216675e-01
5.3000354766846e-01
5.0466692447662e-01
3.5659754276276e-01
4.8537543416023e-01
5.2724748849869e-01
5.2913087606430e-01
4.4608205556870e-01
3.1462407112122e-01
4.4444605708122e-01
4.6742883324623e-01
3.5118082165718e-01
5.4816490411758e-01
4.2732968926430e-01
2.9961594939232e-01
4.2230609059334e-01
3.8246050477028e-01
3.8809856772423e-01
5.7804876565933e-01
4.5545050501823e-01
3.6237430572510e-01
4.0258762240410e-01
4.9119207262993e-01
3.4430637955666e-01
3.6966732144356e-01
4.0581381320953e-01
3.9915809035301e-01
4.8916256427765e-01
4.1244849562645e-01
4.6156129240990e-01
3.6878672242165e-01
2.9611331224442e-01
5.8158499002457e-01
3.0765002965927e-01
4.1273617744446e-01
5.6340503692627e-01
3.6386263370514e-01
4.0515622496605e-01
3.0616110563278e-01
4.5979717373848e-01
5.3722244501114e-01
4.6494376659393e-01
4.1207382082939e-01
5.8179408311844e-01
3.3085307478905e-01
5.9673362970352e-01
2.8559291362762e-01
3.5958236455917e-01
3.2815906405449e-01
5.4814285039902e-01
5.9158533811569e-01
4.3042114377022e-01
5.1766544580460e-01
4.3753033876419e-01
3.0501109361649e-01
3.2617247104645e-01
3.3112394809723e-01
4.5383229851723e-01
4.9096500873566e-01
3.2351577281952e-01
4.9478122591972e-01
4.7213175892830e-01
5.6439721584320e-01
4.1292592883110e-01
4.3442544341087e-01
4.4039648771286e-01
3.2166785001755e-01
3.7027800083160e-01
5.0602054595947e-01
3.4757408499718e-01
3.1995230913162e-01
4.5179936289787e-01
3.5026362538338e-01
5.7177394628525e-01
4.5858752727509e-01
4.7953736782074e-01
5.6880235671997e-01
4.9320980906487e-01
4.0710330009460e-01
3.7983623147011e-01
4.6774002909660e-01
3.0971163511276e-01
4.3809071183205e-01
4.8457062244415e-01
3.9585357904434e-01
5.6019437313080e-01
4.5635345578194e-01
3.3951914310455e-01
3.5101312398911e-01
3.4803256392479e-01
6.8538028001785e-01
6.2524974346161e-01
3.3538800477982e-01
5.0934910774231e-01
4.6274796128273e-01
3.6133927106857e-01
3.2224681973457e-01
3.5501673817635e-01
6.2714409828186e-01
3.2997980713844e-01
4.3398952484131e-01
3.9586430788040e-01
4.6603986620903e-01
4.2370778322220e-01
4.5393282175064e-01
5.4841262102127e-01
4.8385587334633e-01
5.9960967302322e-01
4.8385217785835e-01
5.4324609041214e-01
3.8212767243385e-01
3.7713915109634e-01
4.7973895072937e-01
3.2508680224419e-01
5.0187319517136e-01
4.4221585988998e-01
3.5664036870003e-01
4.5888316631317e-01
5.6592160463333e-01
3.1033724546432e-01
3.6519569158554e-01
5.0200015306473e-01
4.2741686105728e-01
2.7091524004936e-01
3.6056640744209e-01
3.9288738369942e-01
4.9098530411720e-01
4.2614692449570e-01
3.4761348366737e-01
4.8979100584984e-01
4.3025150895119e-01
3.8633999228477e-01
3.4336036443710e-01
4.5259353518486e-01
3.8493546843529e-01
3.0535787343979e-01
4.9626770615578e-01
3.9057573676109e-01
3.5084825754166e-01
4.9110993742943e-01
3.7659013271332e-01
4.1402366757393e-01
3.6505794525146e-01
4.2345312237740e-01
4.0088248252869e-01
4.0606838464737e-01
5.2144813537598e-01
3.7929299473763e-01
3.5338750481606e-01
3.8849562406540e-01
4.9680516123772e-01
3.3897882699966e-01
4.3456512689590e-01
4.3824324011803e-01
4.2837530374527e-01
3.4429594874382e-01
4.1969561576843e-01
3.7992346286774e-01
4.3978840112686e-01
3.6741322278976e-01
4.7014349699020e-01
4.5739039778709e-01
4.7839856147766e-01
4.3450826406479e-01
4.8624297976494e-01
4.5329207181931e-01
2.9881697893143e-01
3.3721974492073e-01
5.3919899463654e-01
2.5413507223129e-01
5.1314139366150e-01
4.4518038630486e-01
3.6810985207558e-01
2.8409954905510e-01
3.1782478094101e-01
4.5412564277649e-01
4.9493715167046e-01
2.6780772209167e-01
4.6539935469627e-01
3.1504663825035e-01
3.3491060137749e-01
3.3951461315155e-01
4.3045166134834e-01
3.6742174625397e-01
3.3227610588074e-01
3.0531913042068e-01
2.9920536279678e-01
4.5168244838715e-01
3.5501006245613e-01
3.3958080410957e-01
3.6905604600906e-01
2.8069943189621e-01
3.6226883530617e-01
4.1345322132111e-01
6.3023817539215e-01
3.6809360980988e-01
4.1517576575279e-01
4.8129916191101e-01
3.6829888820648e-01
2.9050025343895e-01
4.2550793290138e-01
3.5272356867790e-01
4.7130274772644e-01
6.1138832569122e-01
3.4124356508255e-01
3.3920890092850e-01
4.3319100141525e-01
5.2205342054367e-01
4.8176005482674e-01
4.6114870905876e-01
3.0195137858391e-01
4.4451621174812e-01
3.5178887844086e-01
4.2869561910629e-01
4.8148378729820e-01
3.4266921877861e-01
5.2014672756195e-01
4.3091481924057e-01
3.9423748850822e-01
3.5722318291664e-01
4.4199621677399e-01
3.2124495506287e-01
5.5840182304382e-01
3.5923370718956e-01
5.4011917114258e-01
4.9140998721123e-01
2.8737226128578e-01
3.8675251603127e-01
2.5993329286575e-01
3.8700658082962e-01
3.5042703151703e-01
4.1211000084877e-01
3.9050179719925e-01
3.8956540822983e-01
4.0057334303856e-01
4.1342875361443e-01
3.6430358886719e-01
3.3473789691925e-01
4.0312346816063e-01
2.7710074186325e-01
4.6955680847168e-01
4.1213163733482e-01
4.4751903414726e-01
4.5560547709465e-01
5.2795016765594e-01
3.7293079495430e-01
5.2702027559280e-01
2.6833763718605e-01
3.6113700270653e-01
4.0628176927567e-01
4.1097050905228e-01
3.3252930641174e-01
4.4928231835365e-01
4.1377171874046e-01
6.3451981544495e-01
4.8935166001320e-01
3.3983352780342e-01
3.9538887143135e-01
4.4148957729340e-01
4.4181132316589e-01
3.6280915141106e-01
2.7554327249527e-01
5.5432879924774e-01
5.1088327169418e-01
4.9473464488983e-01
4.2957624793053e-01
4.0091574192047e-01
4.6527397632599e-01
3.8278880715370e-01
4.7615373134613e-01
5.1661795377731e-01
4.7051653265953e-01
3.9398145675659e-01
3.8509780168533e-01
2.4477523565292e-01
4.9043816328049e-01
4.0224668383598e-01
3.5803958773613e-01
3.8003537058830e-01
4.9767273664474e-01
7.1268725395203e-01
4.1413182020187e-01
5.8452033996582e-01
4.5219528675079e-01
3.4974420070648e-01
4.3959400057793e-01
3.9198315143585e-01
5.3453284502029e-01
3.7435755133629e-01
3.6600241065025e-01
3.6925327777863e-01
5.3029441833496e-01
4.1832053661346e-01
4.7940051555634e-01
3.7291237711906e-01
5.7146799564362e-01
3.7484925985336e-01
3.5900285840034e-01
5.0670760869980e-01
4.2417806386948e-01
4.5247921347618e-01
3.7415495514870e-01
3.9539155364037e-01
7.3060858249664e-01
5.8901375532150e-01
3.0769509077072e-01
2.5547102093697e-01
4.0847539901733e-01
5.2867072820663e-01
3.9368200302124e-01
3.9664444327354e-01
4.0516790747643e-01
3.4001377224922e-01
5.3100782632828e-01
4.8623779416084e-01
4.2831480503082e-01
3.5089090466499e-01
4.0360894799232e-01
3.6612108349800e-01
4.2303642630577e-01
3.4913566708565e-01
3.4081393480301e-01
2.8868886828423e-01
2.8794372081757e-01
2.7924942970276e-01
4.1633912920952e-01
4.6484455466270e-01
4.8293116688728e-01
3.9460918307304e-01
3.4852343797684e-01
3.5463154315948e-01
4.3558952212334e-01
4.7615382075310e-01
2.7693620324135e-01
4.7646537423134e-01
4.9609369039536e-01
3.7183612585068e-01
4.5497825741768e-01
3.8532212376595e-01
5.1394170522690e-01
4.8558661341667e-01
6.2625730037689e-01
5.1070779561996e-01
2.7542209625244e-01
4.0310987830162e-01
4.1041481494904e-01
3.3570677042007e-01
4.0796822309494e-01
3.7062799930573e-01
3.8974225521088e-01
4.7724828124046e-01
3.2500731945038e-01
4.7261467576027e-01
3.1915909051895e-01
3.9805230498314e-01
6.0843348503113e-01
4.9539569020271e-01
3.4928712248802e-01
3.7740901112556e-01
5.0348001718521e-01
5.1985299587250e-01
4.8386052250862e-01
3.4712061285973e-01
4.2166212201118e-01
3.9915952086449e-01
3.5275858640671e-01
3.3602657914162e-01
4.9223610758781e-01
5.5345302820206e-01
5.0338822603226e-01
4.1273683309555e-01
3.9629095792770e-01
3.7737110257149e-01
3.1205883622169e-01
5.7546257972717e-01
3.3301877975464e-01
3.2785618305206e-01
4.1951072216034e-01
3.5254457592964e-01
3.8883408904076e-01
3.6255016922951e-01
3.4409275650978e-01
3.4575647115707e-01
3.3201289176941e-01
3.9167338609695e-01
3.5910949110985e-01
3.3020824193954e-01
3.5292658209801e-01
4.8623785376549e-01
4.1188967227936e-01
4.1680574417114e-01
4.2281106114388e-01
3.8439503312111e-01
5.7270842790604e-01
3.3309993147850e-01
3.9972510933876e-01
4.1416004300117e-01
3.1907156109810e-01
4.0875229239464e-01
3.7272244691849e-01
3.9035513997078e-01
4.8814800381660e-01
2.3663145303726e-01
4.4120225310326e-01
6.3923996686935e-01
5.2037972211838e-01
3.6351814866066e-01
4.5414373278618e-01
3.6513426899910e-01
6.0715138912201e-01
5.8640635013580e-01
5.3339922428131e-01
4.2238333821297e-01
4.4726347923279e-01
3.2286772131920e-01
3.9356955885887e-01
5.2920442819595e-01
3.6666557192802e-01
5.0605100393295e-01
4.3983322381973e-01
4.7716310620308e-01
3.2423454523087e-01
4.6515545248985e-01
3.7014025449753e-01
4.0318223834038e-01
3.4805655479431e-01
4.4506791234016e-01
4.3277662992477e-01
4.7496858239174e-01
2.7770525217056e-01
3.4727725386620e-01
4.3289077281952e-01
4.7565197944641e-01
4.4712826609612e-01
4.1551449894905e-01
3.4798187017441e-01
5.9435904026031e-01
3.6093041300774e-01
3.7847715616226e-01
3.6146315932274e-01
3.8675215840340e-01
4.4678333401680e-01
4.1908720135689e-01
4.6362513303757e-01
3.2005718350410e-01
3.7121924757957e-01
3.4973460435867e-01
3.3027845621109e-01
4.6398207545280e-01
4.6321392059326e-01
5.3117805719376e-01
4.8807713389397e-01
4.2921769618988e-01
3.9804407954216e-01
4.2112100124359e-01
4.2712947726250e-01
4.0108498930931e-01
4.9484491348267e-01
4.9646613001823e-01
4.3482378125191e-01
3.5910752415657e-01
4.1058912873268e-01
3.8944029808044e-01
2.9812431335449e-01
3.6188080906868e-01
3.8042616844177e-01
3.5320195555687e-01
4.6390876173973e-01
3.9902427792549e-01
4.1981303691864e-01
4.3333244323730e-01
3.0360954999924e-01
4.0173375606537e-01
3.9476963877678e-01
5.2288746833801e-01
4.2711189389229e-01
3.7500718235970e-01
3.5824337601662e-01
4.6183666586876e-01
3.7899032235146e-01
4.1948154568672e-01
4.3230399489403e-01
3.6266502737999e-01
2.4471575021744e-01
5.0403267145157e-01
4.1842874884605e-01
3.4548667073250e-01
3.8210776448250e-01
2.8293699026108e-01
3.6421909928322e-01
3.0759769678116e-01
5.1133733987808e-01
4.7337362170219e-01
3.4834536910057e-01
2.6125365495682e-01
4.4057705998421e-01
5.6225258111954e-01
3.5648551583290e-01
4.4628158211708e-01
2.7987447381020e-01
3.7729045748711e-01
4.2889812588692e-01
3.5054454207420e-01
4.9004402756691e-01
4.1310736536980e-01
4.4283962249756e-01
2.3780328035355e-01
3.0565586686134e-01
3.1238368153572e-01
4.1239267587662e-01
3.7728539109230e-01
5.1965224742889e-01
3.9981049299240e-01
3.7237706780434e-01
5.1598882675171e-01
3.1158426403999e-01
3.6935988068581e-01
5.1227027177811e-01
5.6885790824890e-01
4.9513080716133e-01
5.2454864978790e-01
4.0327867865562e-01
4.2951187491417e-01
4.1578885912895e-01
3.9128214120865e-01
3.5158997774124e-01
5.1712793111801e-01
4.8159790039062e-01
4.3369951844215e-01
3.2491627335548e-01
3.8559076189995e-01
3.6848664283752e-01
3.3912971615791e-01
3.8648626208305e-01
4.3619284033775e-01
3.8691839575768e-01
3.1400805711746e-01
3.2710444927216e-01
4.3465024232864e-01
5.0620979070663e-01
4.1240110993385e-01
3.1525495648384e-01
4.6490886807442e-01
5.3268772363663e-01
4.8845082521439e-01
5.0873041152954e-01
5.3574609756470e-01
3.0170392990112e-01
4.3295139074326e-01
2.5679257512093e-01
3.5681217908859e-01
3.3928826451302e-01
4.4064021110535e-01
3.6223840713501e-01
4.8068884015083e-01
4.2801043391228e-01
3.5329544544220e-01
2.8438222408295e-01
4.4572800397873e-01
3.6878910660744e-01
3.0294376611710e-01
3.8144087791443e-01
3.5540711879730e-01
3.0768695473671e-01
3.9493751525879e-01
4.6734726428986e-01
3.8460829854012e-01
3.7288334965706e-01
3.7152370810509e-01
4.4732981920242e-01
4.4502621889114e-01
5.3482371568680e-01
3.2832857966423e-01
4.7187456488609e-01
4.0678638219833e-01
3.3835929632187e-01
4.5084345340729e-01
3.3742529153824e-01
4.8009458184242e-01
3.2386437058449e-01
4.2126065492630e-01
3.3344498276711e-01
3.4273323416710e-01
4.8002985119820e-01
3.7814253568649e-01
3.9490598440170e-01
5.4870367050171e-01
3.1365573406219e-01
3.0730205774307e-01
4.0563032031059e-01
4.9086424708366e-01
3.6131682991982e-01
4.2150411009789e-01
4.0792274475098e-01
4.1323325037956e-01
4.4373103976250e-01
4.1618508100510e-01
5.5008137226105e-01
2.8224214911461e-01
3.7153425812721e-01
3.2565543055534e-01
5.0476682186127e-01
4.2587932944298e-01
3.7572821974754e-01
4.2488226294518e-01
6.1538064479828e-01
4.1301724314690e-01
3.8051307201385e-01
3.3059972524643e-01
4.5372417569160e-01
4.3429961800575e-01
5.1496207714081e-01
3.1832525134087e-01
4.0027308464050e-01
4.0768554806709e-01
3.3915764093399e-01
5.7595837116241e-01
5.7133913040161e-01
5.3922706842422e-01
3.1009995937347e-01
4.9914485216141e-01
4.5236343145370e-01
4.9622914195061e-01
4.5302626490593e-01
4.0279576182365e-01
4.2269971966743e-01
3.9644804596901e-01
5.0735723972321e-01
4.4207307696342e-01
4.1442301869392e-01
3.3365535736084e-01
3.8231459259987e-01
3.1830844283104e-01
4.8067051172256e-01
3.2639449834824e-01
2.7666020393372e-01
4.5552518963814e-01
4.0496733784676e-01
3.9944365620613e-01
3.3832451701164e-01
3.4551239013672e-01
4.6657517552376e-01
4.2518463730812e-01
3.2536026835442e-01
4.4906884431839e-01
3.6236119270325e-01
4.7291204333305e-01
3.8981643319130e-01
4.4165650010109e-01
3.5721233487129e-01
5.6326550245285e-01
3.8734799623489e-01
4.1143217682838e-01
3.6819979548454e-01
3.9929938316345e-01
3.9007136225700e-01
4.6847876906395e-01
3.8125273585320e-01
5.7447826862335e-01
3.3894261717796e-01
4.0867188572884e-01
4.6498739719391e-01
2.6682651042938e-01
4.1890874505043e-01
4.1698655486107e-01
3.8145855069160e-01
4.8071351647377e-01
4.4264641404152e-01
3.2351875305176e-01
2.7352198958397e-01
3.4632018208504e-01
3.7646868824959e-01
5.1392054557800e-01
3.5623934864998e-01
3.5010206699371e-01
5.1510351896286e-01
3.7662637233734e-01
5.2308362722397e-01
4.0498289465904e-01
4.2197248339653e-01
5.2811038494110e-01
4.0787795186043e-01
3.1961238384247e-01
4.4428390264511e-01
5.9893727302551e-01
4.4388601183891e-01
3.5297691822052e-01
3.5470283031464e-01
3.2306706905365e-01
4.4600591063499e-01
4.3463963270187e-01
3.7797230482101e-01
3.8760155439377e-01
5.1449126005173e-01
4.5335277915001e-01
3.6309832334518e-01
4.5310601592064e-01
3.3910134434700e-01
3.9966800808907e-01
4.3610551953316e-01
4.7504267096519e-01
3.8926386833191e-01
3.7521627545357e-01
3.7948960065842e-01
3.9717411994934e-01
5.1189965009689e-01
3.4398210048676e-01
3.8769578933716e-01
5.7770395278931e-01
3.5199689865112e-01
4.0563020110130e-01
3.2302287220955e-01
3.9158025383949e-01
2.8431612253189e-01
2.6344060897827e-01
4.2659604549408e-01
4.9459606409073e-01
3.8158696889877e-01
3.7401816248894e-01
3.8035136461258e-01
4.4505488872528e-01
3.3630323410034e-01
4.1442981362343e-01
4.2551875114441e-01
3.8616833090782e-01
3.6772099137306e-01
3.3478435873985e-01
4.9835643172264e-01
3.8401514291763e-01
2.7943256497383e-01
4.1933900117874e-01
4.7341784834862e-01
4.4557538628578e-01
4.7375324368477e-01
4.2495530843735e-01
3.0927920341492e-01
3.4885680675507e-01
4.0382972359657e-01
4.1747537255287e-01
3.6943179368973e-01
5.5347990989685e-01
4.2712110280991e-01
4.0337631106377e-01
3.4808969497681e-01
3.0361795425415e-01
4.5447582006454e-01
5.5802315473557e-01
3.5105255246162e-01
4.2836239933968e-01
4.1122391819954e-01
2.9090273380280e-01
3.8722190260887e-01
4.9887767434120e-01
5.1357942819595e-01
4.4940990209579e-01
2.7167627215385e-01
3.7541645765305e-01
4.4107922911644e-01
4.8494672775269e-01
2.9518172144890e-01
5.8616131544113e-01
6.7537236213684e-01
3.9052110910416e-01
3.6342796683311e-01
2.8646585345268e-01
5.0314718484879e-01
3.0264589190483e-01
3.7409585714340e-01
3.9745908975601e-01
3.5325729846954e-01
4.1034299135208e-01
3.9244186878204e-01
4.2037403583527e-01
5.2698510885239e-01
3.7248393893242e-01
3.5681337118149e-01
5.4889261722565e-01
2.5049349665642e-01
5.0687295198441e-01
3.4712335467339e-01
3.2920274138451e-01
3.3652693033218e-01
3.6915141344070e-01
5.6934046745300e-01
3.3730670809746e-01
3.6671006679535e-01
3.4806826710701e-01
3.9760953187943e-01
3.4574946761131e-01
3.5669693350792e-01
4.7836852073669e-01
3.1269162893295e-01
3.9143490791321e-01
4.1406002640724e-01
3.8651528954506e-01
4.3582835793495e-01
3.9883038401604e-01
2.7497166395187e-01
3.4528225660324e-01
4.4956466555595e-01
5.9131121635437e-01
4.3917936086655e-01
3.9625301957130e-01
3.8144609332085e-01
4.0686213970184e-01
3.2133159041405e-01
2.6175060868263e-01
5.3580421209335e-01
4.9330511689186e-01
6.4642035961151e-01
5.8630305528641e-01
4.4455793499947e-01
6.1816799640656e-01
3.2111752033234e-01
4.4470891356468e-01
4.2500272393227e-01
3.8159853219986e-01
4.2230802774429e-01
3.0522105097771e-01
3.7043142318726e-01
3.3784893155098e-01
5.2375388145447e-01
3.1862077116966e-01
4.7263520956039e-01
2.9578477144241e-01
3.9747002720833e-01
3.4244832396507e-01
4.7006610035896e-01
4.0574946999550e-01
4.7813755273819e-01
4.4014906883240e-01
4.2999258637428e-01
2.9657921195030e-01
4.1206136345863e-01
5.7895070314407e-01
4.5210656523705e-01
4.2107108235359e-01
4.0905562043190e-01
4.4457599520683e-01
4.8516222834587e-01
3.8617619872093e-01
4.2361339926720e-01
3.1130161881447e-01
3.6428919434547e-01
3.7309217453003e-01
3.2381930947304e-01
3.4935683012009e-01
3.8629126548767e-01
3.5289728641510e-01
4.1355365514755e-01
3.4775003790855e-01
3.9314553141594e-01
4.2315927147865e-01
2.4362239241600e-01
4.9238848686218e-01
4.5084145665169e-01
3.4461843967438e-01
5.1219004392624e-01
4.2695394158363e-01
4.9742767214775e-01
4.5083820819855e-01
4.4862076640129e-01
3.2384517788887e-01
3.7730902433395e-01
3.6624893546104e-01
3.7351411581039e-01
3.1787562370300e-01
3.1261953711510e-01
4.6590307354927e-01
4.9171364307404e-01
3.9814919233322e-01
5.0263309478760e-01
4.2986258864403e-01
5.1539450883865e-01
3.8263735175133e-01
4.3895223736763e-01
3.3686706423759e-01
4.0504360198975e-01
5.6792324781418e-01
3.3171901106834e-01
4.0171709656715e-01
4.8825293779373e-01
5.0791740417480e-01
3.8696119189262e-01
4.2785891890526e-01
5.2576494216919e-01
6.4746975898743e-01
5.2655863761902e-01
3.5844388604164e-01
6.4005374908447e-01
5.2833193540573e-01
4.9250882863998e-01
4.4274404644966e-01
3.7731161713600e-01
3.4891545772552e-01
3.4859782457352e-01
4.0905472636223e-01
4.0157452225685e-01
4.7236910462379e-01
4.1010043025017e-01
3.6185085773468e-01
3.5604709386826e-01
4.2032876610756e-01
4.2085182666779e-01
4.5257431268692e-01
4.2955473065376e-01
4.1322436928749e-01
4.5169040560722e-01
4.9754449725151e-01
4.3803688883781e-01
3.0802822113037e-01
4.7583290934563e-01
5.0535207986832e-01
3.8832524418831e-01
5.0742530822754e-01
4.4932448863983e-01
3.7221738696098e-01
5.2454417943954e-01
3.4990355372429e-01
4.2730972170830e-01
3.5300838947296e-01
4.0937390923500e-01
5.7567387819290e-01
4.1078147292137e-01
4.6767133474350e-01
3.7029090523720e-01
4.3201729655266e-01
3.3048552274704e-01
5.9175992012024e-01
4.1301873326302e-01
2.8421345353127e-01
3.5796383023262e-01
3.4096568822861e-01
3.1841552257538e-01
4.3821072578430e-01
3.4784471988678e-01
3.0924895405769e-01
3.6337190866470e-01
4.3757277727127e-01
4.4446203112602e-01
3.2292571663857e-01
5.3299129009247e-01
4.3724575638771e-01
3.5946401953697e-01
5.4843193292618e-01
4.5014157891273e-01
4.2464652657509e-01
4.8201581835747e-01
4.8801484704018e-01
4.7015088796616e-01
4.9871858954430e-01
4.9239760637283e-01
3.6308661103249e-01
3.6483913660049e-01
5.2407598495483e-01
3.3739477396011e-01
4.3352478742599e-01
3.3938667178154e-01
4.4363716244698e-01
4.0830734372139e-01
3.4891378879547e-01
4.9449104070663e-01
4.0174856781960e-01
3.7407112121582e-01
4.9806594848633e-01
5.0300538539886e-01
3.7531623244286e-01
3.2232451438904e-01
5.0507616996765e-01
4.2584306001663e-01
4.7974041104317e-01
4.1716995835304e-01
4.6258902549744e-01
3.8255411386490e-01
2.7692243456841e-01
4.8823085427284e-01
4.5523354411125e-01
3.5099843144417e-01
4.5823693275452e-01
3.6937355995178e-01
3.5420876741409e-01
4.9218145012856e-01
4.9785378575325e-01
4.2851397395134e-01
5.1600366830826e-01
3.5619381070137e-01
3.7593349814415e-01
3.4438869357109e-01
2.6005050539970e-01
3.9818590879440e-01
3.6896312236786e-01
5.2826195955276e-01
6.2135171890259e-01
4.5931348204613e-01
4.7534534335136e-01
4.2098212242126e-01
2.6566863059998e-01
3.3430898189545e-01
5.0038927793503e-01
3.9437195658684e-01
4.8246276378632e-01
6.0424643754959e-01
2.8775027394295e-01
6.3012230396271e-01
4.0257149934769e-01
3.4665346145630e-01
5.0967293977737e-01
4.2727470397949e-01
4.6235072612762e-01
2.5189691781998e-01
5.0692838430405e-01
2.9505088925362e-01
5.9312844276428e-01
5.1953196525574e-01
4.3069964647293e-01
3.7644299864769e-01
3.9135599136353e-01
3.0102878808975e-01
3.8836923241615e-01
5.3502750396729e-01
4.1600042581558e-01
5.7571589946747e-01
4.7277709841728e-01
4.1910499334335e-01
3.5502234101295e-01
4.3013486266136e-01
3.1248313188553e-01
3.8508048653603e-01
4.6862247586250e-01
4.1057735681534e-01
3.8056007027626e-01
4.5590135455132e-01
4.9215152859688e-01
4.0245789289474e-01
3.3873710036278e-01
4.5741012692451e-01
3.7608879804611e-01
3.9685794711113e-01
4.2115020751953e-01
3.5350337624550e-01
4.0307298302650e-01
3.4498283267021e-01
5.0131130218506e-01
4.3098175525665e-01
3.2869717478752e-01
3.9940586686134e-01
4.3790909647942e-01
3.9048480987549e-01
5.0999766588211e-01
3.2624566555023e-01
6.4307308197021e-01
5.2200138568878e-01
5.2743548154831e-01
4.2292454838753e-01
3.0005502700806e-01
4.2216897010803e-01
4.7106564044952e-01
3.7852036952972e-01
3.5021880269051e-01
3.6418053507805e-01
3.7406104803085e-01
5.3948879241943e-01
4.2186680436134e-01
